1 5 0.05
2 5 0.05
3 5 0.05
4 5 0.05
5 5 0.05
6 5 0.05
7 5 0.05
8 5 0.05
9 5 0.05
10 5 0.05
11 5 0.05
12 5 0.05
13 5 0.05
14 5 0.05
15 5 0.05
16 5 0.05
17 5 0.05
18 5 0.05
19 5 0.05
20 5 0.05
21 5 0.05
22 5 0.05
23 5 0.05
24 5 0.05
25 5 0.05
26 5 0.05
27 5 0.05
28 5 0.05
29 5 0.05
30 5 0.05
31 5 0.05
32 5 0.05
33 5 0.05
34 5 0.05
35 5 0.05
36 5 0.05
37 5 0.05
38 5 0.05
39 5 0.05
40 5 0.05
41 5 0.05
42 5 0.05
43 5 0.05
44 5 0.05
45 5 0.05
46 5 0.05
47 5 0.05
48 5 0.05
49 5 0.05
50 5 0.05
51 5 0.05
52 5 0.05
53 5 0.05
54 5 0.05
55 5 0.05
56 5 0.05
57 5 0.05
58 5 0.05
59 5 0.05
60 5 0.05
61 5 0.05
62 5 0.05
63 5 0.05
64 5 0.05
65 5 0.05
66 5 0.05
67 5 0.05
68 5 0.05
69 5 0.05
70 5 0.05
71 5 0.05
72 5 0.05
73 5 0.05
74 5 0.05
75 5 0.05
76 5 0.05
77 5 0.05
78 5 0.05
79 5 0.05
80 5 0.05
81 5 0.05
82 5 0.05
83 5 0.05
84 5 0.05
85 5 0.05
86 5 0.05
87 5 0.05
88 5 0.05
89 5 0.05
90 5 0.05
91 5 0.05
92 5 0.05
93 5 0.05
94 5 0.05
95 5 0.05
96 5 0.05
97 5 0.05
98 5 0.05
99 5 0.05
100 5 0.05
1 10 0.05
2 10 0.05
3 10 0.05
4 10 0.05
5 10 0.05
6 10 0.05
7 10 0.05
8 10 0.05
9 10 0.05
10 10 0.05
11 10 0.05
12 10 0.05
13 10 0.05
14 10 0.05
15 10 0.05
16 10 0.05
17 10 0.05
18 10 0.05
19 10 0.05
20 10 0.05
21 10 0.05
22 10 0.05
23 10 0.05
24 10 0.05
25 10 0.05
26 10 0.05
27 10 0.05
28 10 0.05
29 10 0.05
30 10 0.05
31 10 0.05
32 10 0.05
33 10 0.05
34 10 0.05
35 10 0.05
36 10 0.05
37 10 0.05
38 10 0.05
39 10 0.05
40 10 0.05
41 10 0.05
42 10 0.05
43 10 0.05
44 10 0.05
45 10 0.05
46 10 0.05
47 10 0.05
48 10 0.05
49 10 0.05
50 10 0.05
51 10 0.05
52 10 0.05
53 10 0.05
54 10 0.05
55 10 0.05
56 10 0.05
57 10 0.05
58 10 0.05
59 10 0.05
60 10 0.05
61 10 0.05
62 10 0.05
63 10 0.05
64 10 0.05
65 10 0.05
66 10 0.05
67 10 0.05
68 10 0.05
69 10 0.05
70 10 0.05
71 10 0.05
72 10 0.05
73 10 0.05
74 10 0.05
75 10 0.05
76 10 0.05
77 10 0.05
78 10 0.05
79 10 0.05
80 10 0.05
81 10 0.05
82 10 0.05
83 10 0.05
84 10 0.05
85 10 0.05
86 10 0.05
87 10 0.05
88 10 0.05
89 10 0.05
90 10 0.05
91 10 0.05
92 10 0.05
93 10 0.05
94 10 0.05
95 10 0.05
96 10 0.05
97 10 0.05
98 10 0.05
99 10 0.05
100 10 0.05
1 25 0.05
2 25 0.05
3 25 0.05
4 25 0.05
5 25 0.05
6 25 0.05
7 25 0.05
8 25 0.05
9 25 0.05
10 25 0.05
11 25 0.05
12 25 0.05
13 25 0.05
14 25 0.05
15 25 0.05
16 25 0.05
17 25 0.05
18 25 0.05
19 25 0.05
20 25 0.05
21 25 0.05
22 25 0.05
23 25 0.05
24 25 0.05
25 25 0.05
26 25 0.05
27 25 0.05
28 25 0.05
29 25 0.05
30 25 0.05
31 25 0.05
32 25 0.05
33 25 0.05
34 25 0.05
35 25 0.05
36 25 0.05
37 25 0.05
38 25 0.05
39 25 0.05
40 25 0.05
41 25 0.05
42 25 0.05
43 25 0.05
44 25 0.05
45 25 0.05
46 25 0.05
47 25 0.05
48 25 0.05
49 25 0.05
50 25 0.05
51 25 0.05
52 25 0.05
53 25 0.05
54 25 0.05
55 25 0.05
56 25 0.05
57 25 0.05
58 25 0.05
59 25 0.05
60 25 0.05
61 25 0.05
62 25 0.05
63 25 0.05
64 25 0.05
65 25 0.05
66 25 0.05
67 25 0.05
68 25 0.05
69 25 0.05
70 25 0.05
71 25 0.05
72 25 0.05
73 25 0.05
74 25 0.05
75 25 0.05
76 25 0.05
77 25 0.05
78 25 0.05
79 25 0.05
80 25 0.05
81 25 0.05
82 25 0.05
83 25 0.05
84 25 0.05
85 25 0.05
86 25 0.05
87 25 0.05
88 25 0.05
89 25 0.05
90 25 0.05
91 25 0.05
92 25 0.05
93 25 0.05
94 25 0.05
95 25 0.05
96 25 0.05
97 25 0.05
98 25 0.05
99 25 0.05
100 25 0.05
1 50 0.05
2 50 0.05
3 50 0.05
4 50 0.05
5 50 0.05
6 50 0.05
7 50 0.05
8 50 0.05
9 50 0.05
10 50 0.05
11 50 0.05
12 50 0.05
13 50 0.05
14 50 0.05
15 50 0.05
16 50 0.05
17 50 0.05
18 50 0.05
19 50 0.05
20 50 0.05
21 50 0.05
22 50 0.05
23 50 0.05
24 50 0.05
25 50 0.05
26 50 0.05
27 50 0.05
28 50 0.05
29 50 0.05
30 50 0.05
31 50 0.05
32 50 0.05
33 50 0.05
34 50 0.05
35 50 0.05
36 50 0.05
37 50 0.05
38 50 0.05
39 50 0.05
40 50 0.05
41 50 0.05
42 50 0.05
43 50 0.05
44 50 0.05
45 50 0.05
46 50 0.05
47 50 0.05
48 50 0.05
49 50 0.05
50 50 0.05
51 50 0.05
52 50 0.05
53 50 0.05
54 50 0.05
55 50 0.05
56 50 0.05
57 50 0.05
58 50 0.05
59 50 0.05
60 50 0.05
61 50 0.05
62 50 0.05
63 50 0.05
64 50 0.05
65 50 0.05
66 50 0.05
67 50 0.05
68 50 0.05
69 50 0.05
70 50 0.05
71 50 0.05
72 50 0.05
73 50 0.05
74 50 0.05
75 50 0.05
76 50 0.05
77 50 0.05
78 50 0.05
79 50 0.05
80 50 0.05
81 50 0.05
82 50 0.05
83 50 0.05
84 50 0.05
85 50 0.05
86 50 0.05
87 50 0.05
88 50 0.05
89 50 0.05
90 50 0.05
91 50 0.05
92 50 0.05
93 50 0.05
94 50 0.05
95 50 0.05
96 50 0.05
97 50 0.05
98 50 0.05
99 50 0.05
100 50 0.05
1 75 0.05
2 75 0.05
3 75 0.05
4 75 0.05
5 75 0.05
6 75 0.05
7 75 0.05
8 75 0.05
9 75 0.05
10 75 0.05
11 75 0.05
12 75 0.05
13 75 0.05
14 75 0.05
15 75 0.05
16 75 0.05
17 75 0.05
18 75 0.05
19 75 0.05
20 75 0.05
21 75 0.05
22 75 0.05
23 75 0.05
24 75 0.05
25 75 0.05
26 75 0.05
27 75 0.05
28 75 0.05
29 75 0.05
30 75 0.05
31 75 0.05
32 75 0.05
33 75 0.05
34 75 0.05
35 75 0.05
36 75 0.05
37 75 0.05
38 75 0.05
39 75 0.05
40 75 0.05
41 75 0.05
42 75 0.05
43 75 0.05
44 75 0.05
45 75 0.05
46 75 0.05
47 75 0.05
48 75 0.05
49 75 0.05
50 75 0.05
51 75 0.05
52 75 0.05
53 75 0.05
54 75 0.05
55 75 0.05
56 75 0.05
57 75 0.05
58 75 0.05
59 75 0.05
60 75 0.05
61 75 0.05
62 75 0.05
63 75 0.05
64 75 0.05
65 75 0.05
66 75 0.05
67 75 0.05
68 75 0.05
69 75 0.05
70 75 0.05
71 75 0.05
72 75 0.05
73 75 0.05
74 75 0.05
75 75 0.05
76 75 0.05
77 75 0.05
78 75 0.05
79 75 0.05
80 75 0.05
81 75 0.05
82 75 0.05
83 75 0.05
84 75 0.05
85 75 0.05
86 75 0.05
87 75 0.05
88 75 0.05
89 75 0.05
90 75 0.05
91 75 0.05
92 75 0.05
93 75 0.05
94 75 0.05
95 75 0.05
96 75 0.05
97 75 0.05
98 75 0.05
99 75 0.05
100 75 0.05
1 100 0.05
2 100 0.05
3 100 0.05
4 100 0.05
5 100 0.05
6 100 0.05
7 100 0.05
8 100 0.05
9 100 0.05
10 100 0.05
11 100 0.05
12 100 0.05
13 100 0.05
14 100 0.05
15 100 0.05
16 100 0.05
17 100 0.05
18 100 0.05
19 100 0.05
20 100 0.05
21 100 0.05
22 100 0.05
23 100 0.05
24 100 0.05
25 100 0.05
26 100 0.05
27 100 0.05
28 100 0.05
29 100 0.05
30 100 0.05
31 100 0.05
32 100 0.05
33 100 0.05
34 100 0.05
35 100 0.05
36 100 0.05
37 100 0.05
38 100 0.05
39 100 0.05
40 100 0.05
41 100 0.05
42 100 0.05
43 100 0.05
44 100 0.05
45 100 0.05
46 100 0.05
47 100 0.05
48 100 0.05
49 100 0.05
50 100 0.05
51 100 0.05
52 100 0.05
53 100 0.05
54 100 0.05
55 100 0.05
56 100 0.05
57 100 0.05
58 100 0.05
59 100 0.05
60 100 0.05
61 100 0.05
62 100 0.05
63 100 0.05
64 100 0.05
65 100 0.05
66 100 0.05
67 100 0.05
68 100 0.05
69 100 0.05
70 100 0.05
71 100 0.05
72 100 0.05
73 100 0.05
74 100 0.05
75 100 0.05
76 100 0.05
77 100 0.05
78 100 0.05
79 100 0.05
80 100 0.05
81 100 0.05
82 100 0.05
83 100 0.05
84 100 0.05
85 100 0.05
86 100 0.05
87 100 0.05
88 100 0.05
89 100 0.05
90 100 0.05
91 100 0.05
92 100 0.05
93 100 0.05
94 100 0.05
95 100 0.05
96 100 0.05
97 100 0.05
98 100 0.05
99 100 0.05
100 100 0.05
1 5 0.1
2 5 0.1
3 5 0.1
4 5 0.1
5 5 0.1
6 5 0.1
7 5 0.1
8 5 0.1
9 5 0.1
10 5 0.1
11 5 0.1
12 5 0.1
13 5 0.1
14 5 0.1
15 5 0.1
16 5 0.1
17 5 0.1
18 5 0.1
19 5 0.1
20 5 0.1
21 5 0.1
22 5 0.1
23 5 0.1
24 5 0.1
25 5 0.1
26 5 0.1
27 5 0.1
28 5 0.1
29 5 0.1
30 5 0.1
31 5 0.1
32 5 0.1
33 5 0.1
34 5 0.1
35 5 0.1
36 5 0.1
37 5 0.1
38 5 0.1
39 5 0.1
40 5 0.1
41 5 0.1
42 5 0.1
43 5 0.1
44 5 0.1
45 5 0.1
46 5 0.1
47 5 0.1
48 5 0.1
49 5 0.1
50 5 0.1
51 5 0.1
52 5 0.1
53 5 0.1
54 5 0.1
55 5 0.1
56 5 0.1
57 5 0.1
58 5 0.1
59 5 0.1
60 5 0.1
61 5 0.1
62 5 0.1
63 5 0.1
64 5 0.1
65 5 0.1
66 5 0.1
67 5 0.1
68 5 0.1
69 5 0.1
70 5 0.1
71 5 0.1
72 5 0.1
73 5 0.1
74 5 0.1
75 5 0.1
76 5 0.1
77 5 0.1
78 5 0.1
79 5 0.1
80 5 0.1
81 5 0.1
82 5 0.1
83 5 0.1
84 5 0.1
85 5 0.1
86 5 0.1
87 5 0.1
88 5 0.1
89 5 0.1
90 5 0.1
91 5 0.1
92 5 0.1
93 5 0.1
94 5 0.1
95 5 0.1
96 5 0.1
97 5 0.1
98 5 0.1
99 5 0.1
100 5 0.1
1 10 0.1
2 10 0.1
3 10 0.1
4 10 0.1
5 10 0.1
6 10 0.1
7 10 0.1
8 10 0.1
9 10 0.1
10 10 0.1
11 10 0.1
12 10 0.1
13 10 0.1
14 10 0.1
15 10 0.1
16 10 0.1
17 10 0.1
18 10 0.1
19 10 0.1
20 10 0.1
21 10 0.1
22 10 0.1
23 10 0.1
24 10 0.1
25 10 0.1
26 10 0.1
27 10 0.1
28 10 0.1
29 10 0.1
30 10 0.1
31 10 0.1
32 10 0.1
33 10 0.1
34 10 0.1
35 10 0.1
36 10 0.1
37 10 0.1
38 10 0.1
39 10 0.1
40 10 0.1
41 10 0.1
42 10 0.1
43 10 0.1
44 10 0.1
45 10 0.1
46 10 0.1
47 10 0.1
48 10 0.1
49 10 0.1
50 10 0.1
51 10 0.1
52 10 0.1
53 10 0.1
54 10 0.1
55 10 0.1
56 10 0.1
57 10 0.1
58 10 0.1
59 10 0.1
60 10 0.1
61 10 0.1
62 10 0.1
63 10 0.1
64 10 0.1
65 10 0.1
66 10 0.1
67 10 0.1
68 10 0.1
69 10 0.1
70 10 0.1
71 10 0.1
72 10 0.1
73 10 0.1
74 10 0.1
75 10 0.1
76 10 0.1
77 10 0.1
78 10 0.1
79 10 0.1
80 10 0.1
81 10 0.1
82 10 0.1
83 10 0.1
84 10 0.1
85 10 0.1
86 10 0.1
87 10 0.1
88 10 0.1
89 10 0.1
90 10 0.1
91 10 0.1
92 10 0.1
93 10 0.1
94 10 0.1
95 10 0.1
96 10 0.1
97 10 0.1
98 10 0.1
99 10 0.1
100 10 0.1
1 25 0.1
2 25 0.1
3 25 0.1
4 25 0.1
5 25 0.1
6 25 0.1
7 25 0.1
8 25 0.1
9 25 0.1
10 25 0.1
11 25 0.1
12 25 0.1
13 25 0.1
14 25 0.1
15 25 0.1
16 25 0.1
17 25 0.1
18 25 0.1
19 25 0.1
20 25 0.1
21 25 0.1
22 25 0.1
23 25 0.1
24 25 0.1
25 25 0.1
26 25 0.1
27 25 0.1
28 25 0.1
29 25 0.1
30 25 0.1
31 25 0.1
32 25 0.1
33 25 0.1
34 25 0.1
35 25 0.1
36 25 0.1
37 25 0.1
38 25 0.1
39 25 0.1
40 25 0.1
41 25 0.1
42 25 0.1
43 25 0.1
44 25 0.1
45 25 0.1
46 25 0.1
47 25 0.1
48 25 0.1
49 25 0.1
50 25 0.1
51 25 0.1
52 25 0.1
53 25 0.1
54 25 0.1
55 25 0.1
56 25 0.1
57 25 0.1
58 25 0.1
59 25 0.1
60 25 0.1
61 25 0.1
62 25 0.1
63 25 0.1
64 25 0.1
65 25 0.1
66 25 0.1
67 25 0.1
68 25 0.1
69 25 0.1
70 25 0.1
71 25 0.1
72 25 0.1
73 25 0.1
74 25 0.1
75 25 0.1
76 25 0.1
77 25 0.1
78 25 0.1
79 25 0.1
80 25 0.1
81 25 0.1
82 25 0.1
83 25 0.1
84 25 0.1
85 25 0.1
86 25 0.1
87 25 0.1
88 25 0.1
89 25 0.1
90 25 0.1
91 25 0.1
92 25 0.1
93 25 0.1
94 25 0.1
95 25 0.1
96 25 0.1
97 25 0.1
98 25 0.1
99 25 0.1
100 25 0.1
1 50 0.1
2 50 0.1
3 50 0.1
4 50 0.1
5 50 0.1
6 50 0.1
7 50 0.1
8 50 0.1
9 50 0.1
10 50 0.1
11 50 0.1
12 50 0.1
13 50 0.1
14 50 0.1
15 50 0.1
16 50 0.1
17 50 0.1
18 50 0.1
19 50 0.1
20 50 0.1
21 50 0.1
22 50 0.1
23 50 0.1
24 50 0.1
25 50 0.1
26 50 0.1
27 50 0.1
28 50 0.1
29 50 0.1
30 50 0.1
31 50 0.1
32 50 0.1
33 50 0.1
34 50 0.1
35 50 0.1
36 50 0.1
37 50 0.1
38 50 0.1
39 50 0.1
40 50 0.1
41 50 0.1
42 50 0.1
43 50 0.1
44 50 0.1
45 50 0.1
46 50 0.1
47 50 0.1
48 50 0.1
49 50 0.1
50 50 0.1
51 50 0.1
52 50 0.1
53 50 0.1
54 50 0.1
55 50 0.1
56 50 0.1
57 50 0.1
58 50 0.1
59 50 0.1
60 50 0.1
61 50 0.1
62 50 0.1
63 50 0.1
64 50 0.1
65 50 0.1
66 50 0.1
67 50 0.1
68 50 0.1
69 50 0.1
70 50 0.1
71 50 0.1
72 50 0.1
73 50 0.1
74 50 0.1
75 50 0.1
76 50 0.1
77 50 0.1
78 50 0.1
79 50 0.1
80 50 0.1
81 50 0.1
82 50 0.1
83 50 0.1
84 50 0.1
85 50 0.1
86 50 0.1
87 50 0.1
88 50 0.1
89 50 0.1
90 50 0.1
91 50 0.1
92 50 0.1
93 50 0.1
94 50 0.1
95 50 0.1
96 50 0.1
97 50 0.1
98 50 0.1
99 50 0.1
100 50 0.1
1 75 0.1
2 75 0.1
3 75 0.1
4 75 0.1
5 75 0.1
6 75 0.1
7 75 0.1
8 75 0.1
9 75 0.1
10 75 0.1
11 75 0.1
12 75 0.1
13 75 0.1
14 75 0.1
15 75 0.1
16 75 0.1
17 75 0.1
18 75 0.1
19 75 0.1
20 75 0.1
21 75 0.1
22 75 0.1
23 75 0.1
24 75 0.1
25 75 0.1
26 75 0.1
27 75 0.1
28 75 0.1
29 75 0.1
30 75 0.1
31 75 0.1
32 75 0.1
33 75 0.1
34 75 0.1
35 75 0.1
36 75 0.1
37 75 0.1
38 75 0.1
39 75 0.1
40 75 0.1
41 75 0.1
42 75 0.1
43 75 0.1
44 75 0.1
45 75 0.1
46 75 0.1
47 75 0.1
48 75 0.1
49 75 0.1
50 75 0.1
51 75 0.1
52 75 0.1
53 75 0.1
54 75 0.1
55 75 0.1
56 75 0.1
57 75 0.1
58 75 0.1
59 75 0.1
60 75 0.1
61 75 0.1
62 75 0.1
63 75 0.1
64 75 0.1
65 75 0.1
66 75 0.1
67 75 0.1
68 75 0.1
69 75 0.1
70 75 0.1
71 75 0.1
72 75 0.1
73 75 0.1
74 75 0.1
75 75 0.1
76 75 0.1
77 75 0.1
78 75 0.1
79 75 0.1
80 75 0.1
81 75 0.1
82 75 0.1
83 75 0.1
84 75 0.1
85 75 0.1
86 75 0.1
87 75 0.1
88 75 0.1
89 75 0.1
90 75 0.1
91 75 0.1
92 75 0.1
93 75 0.1
94 75 0.1
95 75 0.1
96 75 0.1
97 75 0.1
98 75 0.1
99 75 0.1
100 75 0.1
1 100 0.1
2 100 0.1
3 100 0.1
4 100 0.1
5 100 0.1
6 100 0.1
7 100 0.1
8 100 0.1
9 100 0.1
10 100 0.1
11 100 0.1
12 100 0.1
13 100 0.1
14 100 0.1
15 100 0.1
16 100 0.1
17 100 0.1
18 100 0.1
19 100 0.1
20 100 0.1
21 100 0.1
22 100 0.1
23 100 0.1
24 100 0.1
25 100 0.1
26 100 0.1
27 100 0.1
28 100 0.1
29 100 0.1
30 100 0.1
31 100 0.1
32 100 0.1
33 100 0.1
34 100 0.1
35 100 0.1
36 100 0.1
37 100 0.1
38 100 0.1
39 100 0.1
40 100 0.1
41 100 0.1
42 100 0.1
43 100 0.1
44 100 0.1
45 100 0.1
46 100 0.1
47 100 0.1
48 100 0.1
49 100 0.1
50 100 0.1
51 100 0.1
52 100 0.1
53 100 0.1
54 100 0.1
55 100 0.1
56 100 0.1
57 100 0.1
58 100 0.1
59 100 0.1
60 100 0.1
61 100 0.1
62 100 0.1
63 100 0.1
64 100 0.1
65 100 0.1
66 100 0.1
67 100 0.1
68 100 0.1
69 100 0.1
70 100 0.1
71 100 0.1
72 100 0.1
73 100 0.1
74 100 0.1
75 100 0.1
76 100 0.1
77 100 0.1
78 100 0.1
79 100 0.1
80 100 0.1
81 100 0.1
82 100 0.1
83 100 0.1
84 100 0.1
85 100 0.1
86 100 0.1
87 100 0.1
88 100 0.1
89 100 0.1
90 100 0.1
91 100 0.1
92 100 0.1
93 100 0.1
94 100 0.1
95 100 0.1
96 100 0.1
97 100 0.1
98 100 0.1
99 100 0.1
100 100 0.1
1 5 0.15
2 5 0.15
3 5 0.15
4 5 0.15
5 5 0.15
6 5 0.15
7 5 0.15
8 5 0.15
9 5 0.15
10 5 0.15
11 5 0.15
12 5 0.15
13 5 0.15
14 5 0.15
15 5 0.15
16 5 0.15
17 5 0.15
18 5 0.15
19 5 0.15
20 5 0.15
21 5 0.15
22 5 0.15
23 5 0.15
24 5 0.15
25 5 0.15
26 5 0.15
27 5 0.15
28 5 0.15
29 5 0.15
30 5 0.15
31 5 0.15
32 5 0.15
33 5 0.15
34 5 0.15
35 5 0.15
36 5 0.15
37 5 0.15
38 5 0.15
39 5 0.15
40 5 0.15
41 5 0.15
42 5 0.15
43 5 0.15
44 5 0.15
45 5 0.15
46 5 0.15
47 5 0.15
48 5 0.15
49 5 0.15
50 5 0.15
51 5 0.15
52 5 0.15
53 5 0.15
54 5 0.15
55 5 0.15
56 5 0.15
57 5 0.15
58 5 0.15
59 5 0.15
60 5 0.15
61 5 0.15
62 5 0.15
63 5 0.15
64 5 0.15
65 5 0.15
66 5 0.15
67 5 0.15
68 5 0.15
69 5 0.15
70 5 0.15
71 5 0.15
72 5 0.15
73 5 0.15
74 5 0.15
75 5 0.15
76 5 0.15
77 5 0.15
78 5 0.15
79 5 0.15
80 5 0.15
81 5 0.15
82 5 0.15
83 5 0.15
84 5 0.15
85 5 0.15
86 5 0.15
87 5 0.15
88 5 0.15
89 5 0.15
90 5 0.15
91 5 0.15
92 5 0.15
93 5 0.15
94 5 0.15
95 5 0.15
96 5 0.15
97 5 0.15
98 5 0.15
99 5 0.15
100 5 0.15
1 10 0.15
2 10 0.15
3 10 0.15
4 10 0.15
5 10 0.15
6 10 0.15
7 10 0.15
8 10 0.15
9 10 0.15
10 10 0.15
11 10 0.15
12 10 0.15
13 10 0.15
14 10 0.15
15 10 0.15
16 10 0.15
17 10 0.15
18 10 0.15
19 10 0.15
20 10 0.15
21 10 0.15
22 10 0.15
23 10 0.15
24 10 0.15
25 10 0.15
26 10 0.15
27 10 0.15
28 10 0.15
29 10 0.15
30 10 0.15
31 10 0.15
32 10 0.15
33 10 0.15
34 10 0.15
35 10 0.15
36 10 0.15
37 10 0.15
38 10 0.15
39 10 0.15
40 10 0.15
41 10 0.15
42 10 0.15
43 10 0.15
44 10 0.15
45 10 0.15
46 10 0.15
47 10 0.15
48 10 0.15
49 10 0.15
50 10 0.15
51 10 0.15
52 10 0.15
53 10 0.15
54 10 0.15
55 10 0.15
56 10 0.15
57 10 0.15
58 10 0.15
59 10 0.15
60 10 0.15
61 10 0.15
62 10 0.15
63 10 0.15
64 10 0.15
65 10 0.15
66 10 0.15
67 10 0.15
68 10 0.15
69 10 0.15
70 10 0.15
71 10 0.15
72 10 0.15
73 10 0.15
74 10 0.15
75 10 0.15
76 10 0.15
77 10 0.15
78 10 0.15
79 10 0.15
80 10 0.15
81 10 0.15
82 10 0.15
83 10 0.15
84 10 0.15
85 10 0.15
86 10 0.15
87 10 0.15
88 10 0.15
89 10 0.15
90 10 0.15
91 10 0.15
92 10 0.15
93 10 0.15
94 10 0.15
95 10 0.15
96 10 0.15
97 10 0.15
98 10 0.15
99 10 0.15
100 10 0.15
1 25 0.15
2 25 0.15
3 25 0.15
4 25 0.15
5 25 0.15
6 25 0.15
7 25 0.15
8 25 0.15
9 25 0.15
10 25 0.15
11 25 0.15
12 25 0.15
13 25 0.15
14 25 0.15
15 25 0.15
16 25 0.15
17 25 0.15
18 25 0.15
19 25 0.15
20 25 0.15
21 25 0.15
22 25 0.15
23 25 0.15
24 25 0.15
25 25 0.15
26 25 0.15
27 25 0.15
28 25 0.15
29 25 0.15
30 25 0.15
31 25 0.15
32 25 0.15
33 25 0.15
34 25 0.15
35 25 0.15
36 25 0.15
37 25 0.15
38 25 0.15
39 25 0.15
40 25 0.15
41 25 0.15
42 25 0.15
43 25 0.15
44 25 0.15
45 25 0.15
46 25 0.15
47 25 0.15
48 25 0.15
49 25 0.15
50 25 0.15
51 25 0.15
52 25 0.15
53 25 0.15
54 25 0.15
55 25 0.15
56 25 0.15
57 25 0.15
58 25 0.15
59 25 0.15
60 25 0.15
61 25 0.15
62 25 0.15
63 25 0.15
64 25 0.15
65 25 0.15
66 25 0.15
67 25 0.15
68 25 0.15
69 25 0.15
70 25 0.15
71 25 0.15
72 25 0.15
73 25 0.15
74 25 0.15
75 25 0.15
76 25 0.15
77 25 0.15
78 25 0.15
79 25 0.15
80 25 0.15
81 25 0.15
82 25 0.15
83 25 0.15
84 25 0.15
85 25 0.15
86 25 0.15
87 25 0.15
88 25 0.15
89 25 0.15
90 25 0.15
91 25 0.15
92 25 0.15
93 25 0.15
94 25 0.15
95 25 0.15
96 25 0.15
97 25 0.15
98 25 0.15
99 25 0.15
100 25 0.15
1 50 0.15
2 50 0.15
3 50 0.15
4 50 0.15
5 50 0.15
6 50 0.15
7 50 0.15
8 50 0.15
9 50 0.15
10 50 0.15
11 50 0.15
12 50 0.15
13 50 0.15
14 50 0.15
15 50 0.15
16 50 0.15
17 50 0.15
18 50 0.15
19 50 0.15
20 50 0.15
21 50 0.15
22 50 0.15
23 50 0.15
24 50 0.15
25 50 0.15
26 50 0.15
27 50 0.15
28 50 0.15
29 50 0.15
30 50 0.15
31 50 0.15
32 50 0.15
33 50 0.15
34 50 0.15
35 50 0.15
36 50 0.15
37 50 0.15
38 50 0.15
39 50 0.15
40 50 0.15
41 50 0.15
42 50 0.15
43 50 0.15
44 50 0.15
45 50 0.15
46 50 0.15
47 50 0.15
48 50 0.15
49 50 0.15
50 50 0.15
51 50 0.15
52 50 0.15
53 50 0.15
54 50 0.15
55 50 0.15
56 50 0.15
57 50 0.15
58 50 0.15
59 50 0.15
60 50 0.15
61 50 0.15
62 50 0.15
63 50 0.15
64 50 0.15
65 50 0.15
66 50 0.15
67 50 0.15
68 50 0.15
69 50 0.15
70 50 0.15
71 50 0.15
72 50 0.15
73 50 0.15
74 50 0.15
75 50 0.15
76 50 0.15
77 50 0.15
78 50 0.15
79 50 0.15
80 50 0.15
81 50 0.15
82 50 0.15
83 50 0.15
84 50 0.15
85 50 0.15
86 50 0.15
87 50 0.15
88 50 0.15
89 50 0.15
90 50 0.15
91 50 0.15
92 50 0.15
93 50 0.15
94 50 0.15
95 50 0.15
96 50 0.15
97 50 0.15
98 50 0.15
99 50 0.15
100 50 0.15
1 75 0.15
2 75 0.15
3 75 0.15
4 75 0.15
5 75 0.15
6 75 0.15
7 75 0.15
8 75 0.15
9 75 0.15
10 75 0.15
11 75 0.15
12 75 0.15
13 75 0.15
14 75 0.15
15 75 0.15
16 75 0.15
17 75 0.15
18 75 0.15
19 75 0.15
20 75 0.15
21 75 0.15
22 75 0.15
23 75 0.15
24 75 0.15
25 75 0.15
26 75 0.15
27 75 0.15
28 75 0.15
29 75 0.15
30 75 0.15
31 75 0.15
32 75 0.15
33 75 0.15
34 75 0.15
35 75 0.15
36 75 0.15
37 75 0.15
38 75 0.15
39 75 0.15
40 75 0.15
41 75 0.15
42 75 0.15
43 75 0.15
44 75 0.15
45 75 0.15
46 75 0.15
47 75 0.15
48 75 0.15
49 75 0.15
50 75 0.15
51 75 0.15
52 75 0.15
53 75 0.15
54 75 0.15
55 75 0.15
56 75 0.15
57 75 0.15
58 75 0.15
59 75 0.15
60 75 0.15
61 75 0.15
62 75 0.15
63 75 0.15
64 75 0.15
65 75 0.15
66 75 0.15
67 75 0.15
68 75 0.15
69 75 0.15
70 75 0.15
71 75 0.15
72 75 0.15
73 75 0.15
74 75 0.15
75 75 0.15
76 75 0.15
77 75 0.15
78 75 0.15
79 75 0.15
80 75 0.15
81 75 0.15
82 75 0.15
83 75 0.15
84 75 0.15
85 75 0.15
86 75 0.15
87 75 0.15
88 75 0.15
89 75 0.15
90 75 0.15
91 75 0.15
92 75 0.15
93 75 0.15
94 75 0.15
95 75 0.15
96 75 0.15
97 75 0.15
98 75 0.15
99 75 0.15
100 75 0.15
1 100 0.15
2 100 0.15
3 100 0.15
4 100 0.15
5 100 0.15
6 100 0.15
7 100 0.15
8 100 0.15
9 100 0.15
10 100 0.15
11 100 0.15
12 100 0.15
13 100 0.15
14 100 0.15
15 100 0.15
16 100 0.15
17 100 0.15
18 100 0.15
19 100 0.15
20 100 0.15
21 100 0.15
22 100 0.15
23 100 0.15
24 100 0.15
25 100 0.15
26 100 0.15
27 100 0.15
28 100 0.15
29 100 0.15
30 100 0.15
31 100 0.15
32 100 0.15
33 100 0.15
34 100 0.15
35 100 0.15
36 100 0.15
37 100 0.15
38 100 0.15
39 100 0.15
40 100 0.15
41 100 0.15
42 100 0.15
43 100 0.15
44 100 0.15
45 100 0.15
46 100 0.15
47 100 0.15
48 100 0.15
49 100 0.15
50 100 0.15
51 100 0.15
52 100 0.15
53 100 0.15
54 100 0.15
55 100 0.15
56 100 0.15
57 100 0.15
58 100 0.15
59 100 0.15
60 100 0.15
61 100 0.15
62 100 0.15
63 100 0.15
64 100 0.15
65 100 0.15
66 100 0.15
67 100 0.15
68 100 0.15
69 100 0.15
70 100 0.15
71 100 0.15
72 100 0.15
73 100 0.15
74 100 0.15
75 100 0.15
76 100 0.15
77 100 0.15
78 100 0.15
79 100 0.15
80 100 0.15
81 100 0.15
82 100 0.15
83 100 0.15
84 100 0.15
85 100 0.15
86 100 0.15
87 100 0.15
88 100 0.15
89 100 0.15
90 100 0.15
91 100 0.15
92 100 0.15
93 100 0.15
94 100 0.15
95 100 0.15
96 100 0.15
97 100 0.15
98 100 0.15
99 100 0.15
100 100 0.15
1 5 0.2
2 5 0.2
3 5 0.2
4 5 0.2
5 5 0.2
6 5 0.2
7 5 0.2
8 5 0.2
9 5 0.2
10 5 0.2
11 5 0.2
12 5 0.2
13 5 0.2
14 5 0.2
15 5 0.2
16 5 0.2
17 5 0.2
18 5 0.2
19 5 0.2
20 5 0.2
21 5 0.2
22 5 0.2
23 5 0.2
24 5 0.2
25 5 0.2
26 5 0.2
27 5 0.2
28 5 0.2
29 5 0.2
30 5 0.2
31 5 0.2
32 5 0.2
33 5 0.2
34 5 0.2
35 5 0.2
36 5 0.2
37 5 0.2
38 5 0.2
39 5 0.2
40 5 0.2
41 5 0.2
42 5 0.2
43 5 0.2
44 5 0.2
45 5 0.2
46 5 0.2
47 5 0.2
48 5 0.2
49 5 0.2
50 5 0.2
51 5 0.2
52 5 0.2
53 5 0.2
54 5 0.2
55 5 0.2
56 5 0.2
57 5 0.2
58 5 0.2
59 5 0.2
60 5 0.2
61 5 0.2
62 5 0.2
63 5 0.2
64 5 0.2
65 5 0.2
66 5 0.2
67 5 0.2
68 5 0.2
69 5 0.2
70 5 0.2
71 5 0.2
72 5 0.2
73 5 0.2
74 5 0.2
75 5 0.2
76 5 0.2
77 5 0.2
78 5 0.2
79 5 0.2
80 5 0.2
81 5 0.2
82 5 0.2
83 5 0.2
84 5 0.2
85 5 0.2
86 5 0.2
87 5 0.2
88 5 0.2
89 5 0.2
90 5 0.2
91 5 0.2
92 5 0.2
93 5 0.2
94 5 0.2
95 5 0.2
96 5 0.2
97 5 0.2
98 5 0.2
99 5 0.2
100 5 0.2
1 10 0.2
2 10 0.2
3 10 0.2
4 10 0.2
5 10 0.2
6 10 0.2
7 10 0.2
8 10 0.2
9 10 0.2
10 10 0.2
11 10 0.2
12 10 0.2
13 10 0.2
14 10 0.2
15 10 0.2
16 10 0.2
17 10 0.2
18 10 0.2
19 10 0.2
20 10 0.2
21 10 0.2
22 10 0.2
23 10 0.2
24 10 0.2
25 10 0.2
26 10 0.2
27 10 0.2
28 10 0.2
29 10 0.2
30 10 0.2
31 10 0.2
32 10 0.2
33 10 0.2
34 10 0.2
35 10 0.2
36 10 0.2
37 10 0.2
38 10 0.2
39 10 0.2
40 10 0.2
41 10 0.2
42 10 0.2
43 10 0.2
44 10 0.2
45 10 0.2
46 10 0.2
47 10 0.2
48 10 0.2
49 10 0.2
50 10 0.2
51 10 0.2
52 10 0.2
53 10 0.2
54 10 0.2
55 10 0.2
56 10 0.2
57 10 0.2
58 10 0.2
59 10 0.2
60 10 0.2
61 10 0.2
62 10 0.2
63 10 0.2
64 10 0.2
65 10 0.2
66 10 0.2
67 10 0.2
68 10 0.2
69 10 0.2
70 10 0.2
71 10 0.2
72 10 0.2
73 10 0.2
74 10 0.2
75 10 0.2
76 10 0.2
77 10 0.2
78 10 0.2
79 10 0.2
80 10 0.2
81 10 0.2
82 10 0.2
83 10 0.2
84 10 0.2
85 10 0.2
86 10 0.2
87 10 0.2
88 10 0.2
89 10 0.2
90 10 0.2
91 10 0.2
92 10 0.2
93 10 0.2
94 10 0.2
95 10 0.2
96 10 0.2
97 10 0.2
98 10 0.2
99 10 0.2
100 10 0.2
1 25 0.2
2 25 0.2
3 25 0.2
4 25 0.2
5 25 0.2
6 25 0.2
7 25 0.2
8 25 0.2
9 25 0.2
10 25 0.2
11 25 0.2
12 25 0.2
13 25 0.2
14 25 0.2
15 25 0.2
16 25 0.2
17 25 0.2
18 25 0.2
19 25 0.2
20 25 0.2
21 25 0.2
22 25 0.2
23 25 0.2
24 25 0.2
25 25 0.2
26 25 0.2
27 25 0.2
28 25 0.2
29 25 0.2
30 25 0.2
31 25 0.2
32 25 0.2
33 25 0.2
34 25 0.2
35 25 0.2
36 25 0.2
37 25 0.2
38 25 0.2
39 25 0.2
40 25 0.2
41 25 0.2
42 25 0.2
43 25 0.2
44 25 0.2
45 25 0.2
46 25 0.2
47 25 0.2
48 25 0.2
49 25 0.2
50 25 0.2
51 25 0.2
52 25 0.2
53 25 0.2
54 25 0.2
55 25 0.2
56 25 0.2
57 25 0.2
58 25 0.2
59 25 0.2
60 25 0.2
61 25 0.2
62 25 0.2
63 25 0.2
64 25 0.2
65 25 0.2
66 25 0.2
67 25 0.2
68 25 0.2
69 25 0.2
70 25 0.2
71 25 0.2
72 25 0.2
73 25 0.2
74 25 0.2
75 25 0.2
76 25 0.2
77 25 0.2
78 25 0.2
79 25 0.2
80 25 0.2
81 25 0.2
82 25 0.2
83 25 0.2
84 25 0.2
85 25 0.2
86 25 0.2
87 25 0.2
88 25 0.2
89 25 0.2
90 25 0.2
91 25 0.2
92 25 0.2
93 25 0.2
94 25 0.2
95 25 0.2
96 25 0.2
97 25 0.2
98 25 0.2
99 25 0.2
100 25 0.2
1 50 0.2
2 50 0.2
3 50 0.2
4 50 0.2
5 50 0.2
6 50 0.2
7 50 0.2
8 50 0.2
9 50 0.2
10 50 0.2
11 50 0.2
12 50 0.2
13 50 0.2
14 50 0.2
15 50 0.2
16 50 0.2
17 50 0.2
18 50 0.2
19 50 0.2
20 50 0.2
21 50 0.2
22 50 0.2
23 50 0.2
24 50 0.2
25 50 0.2
26 50 0.2
27 50 0.2
28 50 0.2
29 50 0.2
30 50 0.2
31 50 0.2
32 50 0.2
33 50 0.2
34 50 0.2
35 50 0.2
36 50 0.2
37 50 0.2
38 50 0.2
39 50 0.2
40 50 0.2
41 50 0.2
42 50 0.2
43 50 0.2
44 50 0.2
45 50 0.2
46 50 0.2
47 50 0.2
48 50 0.2
49 50 0.2
50 50 0.2
51 50 0.2
52 50 0.2
53 50 0.2
54 50 0.2
55 50 0.2
56 50 0.2
57 50 0.2
58 50 0.2
59 50 0.2
60 50 0.2
61 50 0.2
62 50 0.2
63 50 0.2
64 50 0.2
65 50 0.2
66 50 0.2
67 50 0.2
68 50 0.2
69 50 0.2
70 50 0.2
71 50 0.2
72 50 0.2
73 50 0.2
74 50 0.2
75 50 0.2
76 50 0.2
77 50 0.2
78 50 0.2
79 50 0.2
80 50 0.2
81 50 0.2
82 50 0.2
83 50 0.2
84 50 0.2
85 50 0.2
86 50 0.2
87 50 0.2
88 50 0.2
89 50 0.2
90 50 0.2
91 50 0.2
92 50 0.2
93 50 0.2
94 50 0.2
95 50 0.2
96 50 0.2
97 50 0.2
98 50 0.2
99 50 0.2
100 50 0.2
1 75 0.2
2 75 0.2
3 75 0.2
4 75 0.2
5 75 0.2
6 75 0.2
7 75 0.2
8 75 0.2
9 75 0.2
10 75 0.2
11 75 0.2
12 75 0.2
13 75 0.2
14 75 0.2
15 75 0.2
16 75 0.2
17 75 0.2
18 75 0.2
19 75 0.2
20 75 0.2
21 75 0.2
22 75 0.2
23 75 0.2
24 75 0.2
25 75 0.2
26 75 0.2
27 75 0.2
28 75 0.2
29 75 0.2
30 75 0.2
31 75 0.2
32 75 0.2
33 75 0.2
34 75 0.2
35 75 0.2
36 75 0.2
37 75 0.2
38 75 0.2
39 75 0.2
40 75 0.2
41 75 0.2
42 75 0.2
43 75 0.2
44 75 0.2
45 75 0.2
46 75 0.2
47 75 0.2
48 75 0.2
49 75 0.2
50 75 0.2
51 75 0.2
52 75 0.2
53 75 0.2
54 75 0.2
55 75 0.2
56 75 0.2
57 75 0.2
58 75 0.2
59 75 0.2
60 75 0.2
61 75 0.2
62 75 0.2
63 75 0.2
64 75 0.2
65 75 0.2
66 75 0.2
67 75 0.2
68 75 0.2
69 75 0.2
70 75 0.2
71 75 0.2
72 75 0.2
73 75 0.2
74 75 0.2
75 75 0.2
76 75 0.2
77 75 0.2
78 75 0.2
79 75 0.2
80 75 0.2
81 75 0.2
82 75 0.2
83 75 0.2
84 75 0.2
85 75 0.2
86 75 0.2
87 75 0.2
88 75 0.2
89 75 0.2
90 75 0.2
91 75 0.2
92 75 0.2
93 75 0.2
94 75 0.2
95 75 0.2
96 75 0.2
97 75 0.2
98 75 0.2
99 75 0.2
100 75 0.2
1 100 0.2
2 100 0.2
3 100 0.2
4 100 0.2
5 100 0.2
6 100 0.2
7 100 0.2
8 100 0.2
9 100 0.2
10 100 0.2
11 100 0.2
12 100 0.2
13 100 0.2
14 100 0.2
15 100 0.2
16 100 0.2
17 100 0.2
18 100 0.2
19 100 0.2
20 100 0.2
21 100 0.2
22 100 0.2
23 100 0.2
24 100 0.2
25 100 0.2
26 100 0.2
27 100 0.2
28 100 0.2
29 100 0.2
30 100 0.2
31 100 0.2
32 100 0.2
33 100 0.2
34 100 0.2
35 100 0.2
36 100 0.2
37 100 0.2
38 100 0.2
39 100 0.2
40 100 0.2
41 100 0.2
42 100 0.2
43 100 0.2
44 100 0.2
45 100 0.2
46 100 0.2
47 100 0.2
48 100 0.2
49 100 0.2
50 100 0.2
51 100 0.2
52 100 0.2
53 100 0.2
54 100 0.2
55 100 0.2
56 100 0.2
57 100 0.2
58 100 0.2
59 100 0.2
60 100 0.2
61 100 0.2
62 100 0.2
63 100 0.2
64 100 0.2
65 100 0.2
66 100 0.2
67 100 0.2
68 100 0.2
69 100 0.2
70 100 0.2
71 100 0.2
72 100 0.2
73 100 0.2
74 100 0.2
75 100 0.2
76 100 0.2
77 100 0.2
78 100 0.2
79 100 0.2
80 100 0.2
81 100 0.2
82 100 0.2
83 100 0.2
84 100 0.2
85 100 0.2
86 100 0.2
87 100 0.2
88 100 0.2
89 100 0.2
90 100 0.2
91 100 0.2
92 100 0.2
93 100 0.2
94 100 0.2
95 100 0.2
96 100 0.2
97 100 0.2
98 100 0.2
99 100 0.2
100 100 0.2
1 5 0.25
2 5 0.25
3 5 0.25
4 5 0.25
5 5 0.25
6 5 0.25
7 5 0.25
8 5 0.25
9 5 0.25
10 5 0.25
11 5 0.25
12 5 0.25
13 5 0.25
14 5 0.25
15 5 0.25
16 5 0.25
17 5 0.25
18 5 0.25
19 5 0.25
20 5 0.25
21 5 0.25
22 5 0.25
23 5 0.25
24 5 0.25
25 5 0.25
26 5 0.25
27 5 0.25
28 5 0.25
29 5 0.25
30 5 0.25
31 5 0.25
32 5 0.25
33 5 0.25
34 5 0.25
35 5 0.25
36 5 0.25
37 5 0.25
38 5 0.25
39 5 0.25
40 5 0.25
41 5 0.25
42 5 0.25
43 5 0.25
44 5 0.25
45 5 0.25
46 5 0.25
47 5 0.25
48 5 0.25
49 5 0.25
50 5 0.25
51 5 0.25
52 5 0.25
53 5 0.25
54 5 0.25
55 5 0.25
56 5 0.25
57 5 0.25
58 5 0.25
59 5 0.25
60 5 0.25
61 5 0.25
62 5 0.25
63 5 0.25
64 5 0.25
65 5 0.25
66 5 0.25
67 5 0.25
68 5 0.25
69 5 0.25
70 5 0.25
71 5 0.25
72 5 0.25
73 5 0.25
74 5 0.25
75 5 0.25
76 5 0.25
77 5 0.25
78 5 0.25
79 5 0.25
80 5 0.25
81 5 0.25
82 5 0.25
83 5 0.25
84 5 0.25
85 5 0.25
86 5 0.25
87 5 0.25
88 5 0.25
89 5 0.25
90 5 0.25
91 5 0.25
92 5 0.25
93 5 0.25
94 5 0.25
95 5 0.25
96 5 0.25
97 5 0.25
98 5 0.25
99 5 0.25
100 5 0.25
1 10 0.25
2 10 0.25
3 10 0.25
4 10 0.25
5 10 0.25
6 10 0.25
7 10 0.25
8 10 0.25
9 10 0.25
10 10 0.25
11 10 0.25
12 10 0.25
13 10 0.25
14 10 0.25
15 10 0.25
16 10 0.25
17 10 0.25
18 10 0.25
19 10 0.25
20 10 0.25
21 10 0.25
22 10 0.25
23 10 0.25
24 10 0.25
25 10 0.25
26 10 0.25
27 10 0.25
28 10 0.25
29 10 0.25
30 10 0.25
31 10 0.25
32 10 0.25
33 10 0.25
34 10 0.25
35 10 0.25
36 10 0.25
37 10 0.25
38 10 0.25
39 10 0.25
40 10 0.25
41 10 0.25
42 10 0.25
43 10 0.25
44 10 0.25
45 10 0.25
46 10 0.25
47 10 0.25
48 10 0.25
49 10 0.25
50 10 0.25
51 10 0.25
52 10 0.25
53 10 0.25
54 10 0.25
55 10 0.25
56 10 0.25
57 10 0.25
58 10 0.25
59 10 0.25
60 10 0.25
61 10 0.25
62 10 0.25
63 10 0.25
64 10 0.25
65 10 0.25
66 10 0.25
67 10 0.25
68 10 0.25
69 10 0.25
70 10 0.25
71 10 0.25
72 10 0.25
73 10 0.25
74 10 0.25
75 10 0.25
76 10 0.25
77 10 0.25
78 10 0.25
79 10 0.25
80 10 0.25
81 10 0.25
82 10 0.25
83 10 0.25
84 10 0.25
85 10 0.25
86 10 0.25
87 10 0.25
88 10 0.25
89 10 0.25
90 10 0.25
91 10 0.25
92 10 0.25
93 10 0.25
94 10 0.25
95 10 0.25
96 10 0.25
97 10 0.25
98 10 0.25
99 10 0.25
100 10 0.25
1 25 0.25
2 25 0.25
3 25 0.25
4 25 0.25
5 25 0.25
6 25 0.25
7 25 0.25
8 25 0.25
9 25 0.25
10 25 0.25
11 25 0.25
12 25 0.25
13 25 0.25
14 25 0.25
15 25 0.25
16 25 0.25
17 25 0.25
18 25 0.25
19 25 0.25
20 25 0.25
21 25 0.25
22 25 0.25
23 25 0.25
24 25 0.25
25 25 0.25
26 25 0.25
27 25 0.25
28 25 0.25
29 25 0.25
30 25 0.25
31 25 0.25
32 25 0.25
33 25 0.25
34 25 0.25
35 25 0.25
36 25 0.25
37 25 0.25
38 25 0.25
39 25 0.25
40 25 0.25
41 25 0.25
42 25 0.25
43 25 0.25
44 25 0.25
45 25 0.25
46 25 0.25
47 25 0.25
48 25 0.25
49 25 0.25
50 25 0.25
51 25 0.25
52 25 0.25
53 25 0.25
54 25 0.25
55 25 0.25
56 25 0.25
57 25 0.25
58 25 0.25
59 25 0.25
60 25 0.25
61 25 0.25
62 25 0.25
63 25 0.25
64 25 0.25
65 25 0.25
66 25 0.25
67 25 0.25
68 25 0.25
69 25 0.25
70 25 0.25
71 25 0.25
72 25 0.25
73 25 0.25
74 25 0.25
75 25 0.25
76 25 0.25
77 25 0.25
78 25 0.25
79 25 0.25
80 25 0.25
81 25 0.25
82 25 0.25
83 25 0.25
84 25 0.25
85 25 0.25
86 25 0.25
87 25 0.25
88 25 0.25
89 25 0.25
90 25 0.25
91 25 0.25
92 25 0.25
93 25 0.25
94 25 0.25
95 25 0.25
96 25 0.25
97 25 0.25
98 25 0.25
99 25 0.25
100 25 0.25
1 50 0.25
2 50 0.25
3 50 0.25
4 50 0.25
5 50 0.25
6 50 0.25
7 50 0.25
8 50 0.25
9 50 0.25
10 50 0.25
11 50 0.25
12 50 0.25
13 50 0.25
14 50 0.25
15 50 0.25
16 50 0.25
17 50 0.25
18 50 0.25
19 50 0.25
20 50 0.25
21 50 0.25
22 50 0.25
23 50 0.25
24 50 0.25
25 50 0.25
26 50 0.25
27 50 0.25
28 50 0.25
29 50 0.25
30 50 0.25
31 50 0.25
32 50 0.25
33 50 0.25
34 50 0.25
35 50 0.25
36 50 0.25
37 50 0.25
38 50 0.25
39 50 0.25
40 50 0.25
41 50 0.25
42 50 0.25
43 50 0.25
44 50 0.25
45 50 0.25
46 50 0.25
47 50 0.25
48 50 0.25
49 50 0.25
50 50 0.25
51 50 0.25
52 50 0.25
53 50 0.25
54 50 0.25
55 50 0.25
56 50 0.25
57 50 0.25
58 50 0.25
59 50 0.25
60 50 0.25
61 50 0.25
62 50 0.25
63 50 0.25
64 50 0.25
65 50 0.25
66 50 0.25
67 50 0.25
68 50 0.25
69 50 0.25
70 50 0.25
71 50 0.25
72 50 0.25
73 50 0.25
74 50 0.25
75 50 0.25
76 50 0.25
77 50 0.25
78 50 0.25
79 50 0.25
80 50 0.25
81 50 0.25
82 50 0.25
83 50 0.25
84 50 0.25
85 50 0.25
86 50 0.25
87 50 0.25
88 50 0.25
89 50 0.25
90 50 0.25
91 50 0.25
92 50 0.25
93 50 0.25
94 50 0.25
95 50 0.25
96 50 0.25
97 50 0.25
98 50 0.25
99 50 0.25
100 50 0.25
1 75 0.25
2 75 0.25
3 75 0.25
4 75 0.25
5 75 0.25
6 75 0.25
7 75 0.25
8 75 0.25
9 75 0.25
10 75 0.25
11 75 0.25
12 75 0.25
13 75 0.25
14 75 0.25
15 75 0.25
16 75 0.25
17 75 0.25
18 75 0.25
19 75 0.25
20 75 0.25
21 75 0.25
22 75 0.25
23 75 0.25
24 75 0.25
25 75 0.25
26 75 0.25
27 75 0.25
28 75 0.25
29 75 0.25
30 75 0.25
31 75 0.25
32 75 0.25
33 75 0.25
34 75 0.25
35 75 0.25
36 75 0.25
37 75 0.25
38 75 0.25
39 75 0.25
40 75 0.25
41 75 0.25
42 75 0.25
43 75 0.25
44 75 0.25
45 75 0.25
46 75 0.25
47 75 0.25
48 75 0.25
49 75 0.25
50 75 0.25
51 75 0.25
52 75 0.25
53 75 0.25
54 75 0.25
55 75 0.25
56 75 0.25
57 75 0.25
58 75 0.25
59 75 0.25
60 75 0.25
61 75 0.25
62 75 0.25
63 75 0.25
64 75 0.25
65 75 0.25
66 75 0.25
67 75 0.25
68 75 0.25
69 75 0.25
70 75 0.25
71 75 0.25
72 75 0.25
73 75 0.25
74 75 0.25
75 75 0.25
76 75 0.25
77 75 0.25
78 75 0.25
79 75 0.25
80 75 0.25
81 75 0.25
82 75 0.25
83 75 0.25
84 75 0.25
85 75 0.25
86 75 0.25
87 75 0.25
88 75 0.25
89 75 0.25
90 75 0.25
91 75 0.25
92 75 0.25
93 75 0.25
94 75 0.25
95 75 0.25
96 75 0.25
97 75 0.25
98 75 0.25
99 75 0.25
100 75 0.25
1 100 0.25
2 100 0.25
3 100 0.25
4 100 0.25
5 100 0.25
6 100 0.25
7 100 0.25
8 100 0.25
9 100 0.25
10 100 0.25
11 100 0.25
12 100 0.25
13 100 0.25
14 100 0.25
15 100 0.25
16 100 0.25
17 100 0.25
18 100 0.25
19 100 0.25
20 100 0.25
21 100 0.25
22 100 0.25
23 100 0.25
24 100 0.25
25 100 0.25
26 100 0.25
27 100 0.25
28 100 0.25
29 100 0.25
30 100 0.25
31 100 0.25
32 100 0.25
33 100 0.25
34 100 0.25
35 100 0.25
36 100 0.25
37 100 0.25
38 100 0.25
39 100 0.25
40 100 0.25
41 100 0.25
42 100 0.25
43 100 0.25
44 100 0.25
45 100 0.25
46 100 0.25
47 100 0.25
48 100 0.25
49 100 0.25
50 100 0.25
51 100 0.25
52 100 0.25
53 100 0.25
54 100 0.25
55 100 0.25
56 100 0.25
57 100 0.25
58 100 0.25
59 100 0.25
60 100 0.25
61 100 0.25
62 100 0.25
63 100 0.25
64 100 0.25
65 100 0.25
66 100 0.25
67 100 0.25
68 100 0.25
69 100 0.25
70 100 0.25
71 100 0.25
72 100 0.25
73 100 0.25
74 100 0.25
75 100 0.25
76 100 0.25
77 100 0.25
78 100 0.25
79 100 0.25
80 100 0.25
81 100 0.25
82 100 0.25
83 100 0.25
84 100 0.25
85 100 0.25
86 100 0.25
87 100 0.25
88 100 0.25
89 100 0.25
90 100 0.25
91 100 0.25
92 100 0.25
93 100 0.25
94 100 0.25
95 100 0.25
96 100 0.25
97 100 0.25
98 100 0.25
99 100 0.25
100 100 0.25
1 5 0.3
2 5 0.3
3 5 0.3
4 5 0.3
5 5 0.3
6 5 0.3
7 5 0.3
8 5 0.3
9 5 0.3
10 5 0.3
11 5 0.3
12 5 0.3
13 5 0.3
14 5 0.3
15 5 0.3
16 5 0.3
17 5 0.3
18 5 0.3
19 5 0.3
20 5 0.3
21 5 0.3
22 5 0.3
23 5 0.3
24 5 0.3
25 5 0.3
26 5 0.3
27 5 0.3
28 5 0.3
29 5 0.3
30 5 0.3
31 5 0.3
32 5 0.3
33 5 0.3
34 5 0.3
35 5 0.3
36 5 0.3
37 5 0.3
38 5 0.3
39 5 0.3
40 5 0.3
41 5 0.3
42 5 0.3
43 5 0.3
44 5 0.3
45 5 0.3
46 5 0.3
47 5 0.3
48 5 0.3
49 5 0.3
50 5 0.3
51 5 0.3
52 5 0.3
53 5 0.3
54 5 0.3
55 5 0.3
56 5 0.3
57 5 0.3
58 5 0.3
59 5 0.3
60 5 0.3
61 5 0.3
62 5 0.3
63 5 0.3
64 5 0.3
65 5 0.3
66 5 0.3
67 5 0.3
68 5 0.3
69 5 0.3
70 5 0.3
71 5 0.3
72 5 0.3
73 5 0.3
74 5 0.3
75 5 0.3
76 5 0.3
77 5 0.3
78 5 0.3
79 5 0.3
80 5 0.3
81 5 0.3
82 5 0.3
83 5 0.3
84 5 0.3
85 5 0.3
86 5 0.3
87 5 0.3
88 5 0.3
89 5 0.3
90 5 0.3
91 5 0.3
92 5 0.3
93 5 0.3
94 5 0.3
95 5 0.3
96 5 0.3
97 5 0.3
98 5 0.3
99 5 0.3
100 5 0.3
1 10 0.3
2 10 0.3
3 10 0.3
4 10 0.3
5 10 0.3
6 10 0.3
7 10 0.3
8 10 0.3
9 10 0.3
10 10 0.3
11 10 0.3
12 10 0.3
13 10 0.3
14 10 0.3
15 10 0.3
16 10 0.3
17 10 0.3
18 10 0.3
19 10 0.3
20 10 0.3
21 10 0.3
22 10 0.3
23 10 0.3
24 10 0.3
25 10 0.3
26 10 0.3
27 10 0.3
28 10 0.3
29 10 0.3
30 10 0.3
31 10 0.3
32 10 0.3
33 10 0.3
34 10 0.3
35 10 0.3
36 10 0.3
37 10 0.3
38 10 0.3
39 10 0.3
40 10 0.3
41 10 0.3
42 10 0.3
43 10 0.3
44 10 0.3
45 10 0.3
46 10 0.3
47 10 0.3
48 10 0.3
49 10 0.3
50 10 0.3
51 10 0.3
52 10 0.3
53 10 0.3
54 10 0.3
55 10 0.3
56 10 0.3
57 10 0.3
58 10 0.3
59 10 0.3
60 10 0.3
61 10 0.3
62 10 0.3
63 10 0.3
64 10 0.3
65 10 0.3
66 10 0.3
67 10 0.3
68 10 0.3
69 10 0.3
70 10 0.3
71 10 0.3
72 10 0.3
73 10 0.3
74 10 0.3
75 10 0.3
76 10 0.3
77 10 0.3
78 10 0.3
79 10 0.3
80 10 0.3
81 10 0.3
82 10 0.3
83 10 0.3
84 10 0.3
85 10 0.3
86 10 0.3
87 10 0.3
88 10 0.3
89 10 0.3
90 10 0.3
91 10 0.3
92 10 0.3
93 10 0.3
94 10 0.3
95 10 0.3
96 10 0.3
97 10 0.3
98 10 0.3
99 10 0.3
100 10 0.3
1 25 0.3
2 25 0.3
3 25 0.3
4 25 0.3
5 25 0.3
6 25 0.3
7 25 0.3
8 25 0.3
9 25 0.3
10 25 0.3
11 25 0.3
12 25 0.3
13 25 0.3
14 25 0.3
15 25 0.3
16 25 0.3
17 25 0.3
18 25 0.3
19 25 0.3
20 25 0.3
21 25 0.3
22 25 0.3
23 25 0.3
24 25 0.3
25 25 0.3
26 25 0.3
27 25 0.3
28 25 0.3
29 25 0.3
30 25 0.3
31 25 0.3
32 25 0.3
33 25 0.3
34 25 0.3
35 25 0.3
36 25 0.3
37 25 0.3
38 25 0.3
39 25 0.3
40 25 0.3
41 25 0.3
42 25 0.3
43 25 0.3
44 25 0.3
45 25 0.3
46 25 0.3
47 25 0.3
48 25 0.3
49 25 0.3
50 25 0.3
51 25 0.3
52 25 0.3
53 25 0.3
54 25 0.3
55 25 0.3
56 25 0.3
57 25 0.3
58 25 0.3
59 25 0.3
60 25 0.3
61 25 0.3
62 25 0.3
63 25 0.3
64 25 0.3
65 25 0.3
66 25 0.3
67 25 0.3
68 25 0.3
69 25 0.3
70 25 0.3
71 25 0.3
72 25 0.3
73 25 0.3
74 25 0.3
75 25 0.3
76 25 0.3
77 25 0.3
78 25 0.3
79 25 0.3
80 25 0.3
81 25 0.3
82 25 0.3
83 25 0.3
84 25 0.3
85 25 0.3
86 25 0.3
87 25 0.3
88 25 0.3
89 25 0.3
90 25 0.3
91 25 0.3
92 25 0.3
93 25 0.3
94 25 0.3
95 25 0.3
96 25 0.3
97 25 0.3
98 25 0.3
99 25 0.3
100 25 0.3
1 50 0.3
2 50 0.3
3 50 0.3
4 50 0.3
5 50 0.3
6 50 0.3
7 50 0.3
8 50 0.3
9 50 0.3
10 50 0.3
11 50 0.3
12 50 0.3
13 50 0.3
14 50 0.3
15 50 0.3
16 50 0.3
17 50 0.3
18 50 0.3
19 50 0.3
20 50 0.3
21 50 0.3
22 50 0.3
23 50 0.3
24 50 0.3
25 50 0.3
26 50 0.3
27 50 0.3
28 50 0.3
29 50 0.3
30 50 0.3
31 50 0.3
32 50 0.3
33 50 0.3
34 50 0.3
35 50 0.3
36 50 0.3
37 50 0.3
38 50 0.3
39 50 0.3
40 50 0.3
41 50 0.3
42 50 0.3
43 50 0.3
44 50 0.3
45 50 0.3
46 50 0.3
47 50 0.3
48 50 0.3
49 50 0.3
50 50 0.3
51 50 0.3
52 50 0.3
53 50 0.3
54 50 0.3
55 50 0.3
56 50 0.3
57 50 0.3
58 50 0.3
59 50 0.3
60 50 0.3
61 50 0.3
62 50 0.3
63 50 0.3
64 50 0.3
65 50 0.3
66 50 0.3
67 50 0.3
68 50 0.3
69 50 0.3
70 50 0.3
71 50 0.3
72 50 0.3
73 50 0.3
74 50 0.3
75 50 0.3
76 50 0.3
77 50 0.3
78 50 0.3
79 50 0.3
80 50 0.3
81 50 0.3
82 50 0.3
83 50 0.3
84 50 0.3
85 50 0.3
86 50 0.3
87 50 0.3
88 50 0.3
89 50 0.3
90 50 0.3
91 50 0.3
92 50 0.3
93 50 0.3
94 50 0.3
95 50 0.3
96 50 0.3
97 50 0.3
98 50 0.3
99 50 0.3
100 50 0.3
1 75 0.3
2 75 0.3
3 75 0.3
4 75 0.3
5 75 0.3
6 75 0.3
7 75 0.3
8 75 0.3
9 75 0.3
10 75 0.3
11 75 0.3
12 75 0.3
13 75 0.3
14 75 0.3
15 75 0.3
16 75 0.3
17 75 0.3
18 75 0.3
19 75 0.3
20 75 0.3
21 75 0.3
22 75 0.3
23 75 0.3
24 75 0.3
25 75 0.3
26 75 0.3
27 75 0.3
28 75 0.3
29 75 0.3
30 75 0.3
31 75 0.3
32 75 0.3
33 75 0.3
34 75 0.3
35 75 0.3
36 75 0.3
37 75 0.3
38 75 0.3
39 75 0.3
40 75 0.3
41 75 0.3
42 75 0.3
43 75 0.3
44 75 0.3
45 75 0.3
46 75 0.3
47 75 0.3
48 75 0.3
49 75 0.3
50 75 0.3
51 75 0.3
52 75 0.3
53 75 0.3
54 75 0.3
55 75 0.3
56 75 0.3
57 75 0.3
58 75 0.3
59 75 0.3
60 75 0.3
61 75 0.3
62 75 0.3
63 75 0.3
64 75 0.3
65 75 0.3
66 75 0.3
67 75 0.3
68 75 0.3
69 75 0.3
70 75 0.3
71 75 0.3
72 75 0.3
73 75 0.3
74 75 0.3
75 75 0.3
76 75 0.3
77 75 0.3
78 75 0.3
79 75 0.3
80 75 0.3
81 75 0.3
82 75 0.3
83 75 0.3
84 75 0.3
85 75 0.3
86 75 0.3
87 75 0.3
88 75 0.3
89 75 0.3
90 75 0.3
91 75 0.3
92 75 0.3
93 75 0.3
94 75 0.3
95 75 0.3
96 75 0.3
97 75 0.3
98 75 0.3
99 75 0.3
100 75 0.3
1 100 0.3
2 100 0.3
3 100 0.3
4 100 0.3
5 100 0.3
6 100 0.3
7 100 0.3
8 100 0.3
9 100 0.3
10 100 0.3
11 100 0.3
12 100 0.3
13 100 0.3
14 100 0.3
15 100 0.3
16 100 0.3
17 100 0.3
18 100 0.3
19 100 0.3
20 100 0.3
21 100 0.3
22 100 0.3
23 100 0.3
24 100 0.3
25 100 0.3
26 100 0.3
27 100 0.3
28 100 0.3
29 100 0.3
30 100 0.3
31 100 0.3
32 100 0.3
33 100 0.3
34 100 0.3
35 100 0.3
36 100 0.3
37 100 0.3
38 100 0.3
39 100 0.3
40 100 0.3
41 100 0.3
42 100 0.3
43 100 0.3
44 100 0.3
45 100 0.3
46 100 0.3
47 100 0.3
48 100 0.3
49 100 0.3
50 100 0.3
51 100 0.3
52 100 0.3
53 100 0.3
54 100 0.3
55 100 0.3
56 100 0.3
57 100 0.3
58 100 0.3
59 100 0.3
60 100 0.3
61 100 0.3
62 100 0.3
63 100 0.3
64 100 0.3
65 100 0.3
66 100 0.3
67 100 0.3
68 100 0.3
69 100 0.3
70 100 0.3
71 100 0.3
72 100 0.3
73 100 0.3
74 100 0.3
75 100 0.3
76 100 0.3
77 100 0.3
78 100 0.3
79 100 0.3
80 100 0.3
81 100 0.3
82 100 0.3
83 100 0.3
84 100 0.3
85 100 0.3
86 100 0.3
87 100 0.3
88 100 0.3
89 100 0.3
90 100 0.3
91 100 0.3
92 100 0.3
93 100 0.3
94 100 0.3
95 100 0.3
96 100 0.3
97 100 0.3
98 100 0.3
99 100 0.3
100 100 0.3
1 5 0.35
2 5 0.35
3 5 0.35
4 5 0.35
5 5 0.35
6 5 0.35
7 5 0.35
8 5 0.35
9 5 0.35
10 5 0.35
11 5 0.35
12 5 0.35
13 5 0.35
14 5 0.35
15 5 0.35
16 5 0.35
17 5 0.35
18 5 0.35
19 5 0.35
20 5 0.35
21 5 0.35
22 5 0.35
23 5 0.35
24 5 0.35
25 5 0.35
26 5 0.35
27 5 0.35
28 5 0.35
29 5 0.35
30 5 0.35
31 5 0.35
32 5 0.35
33 5 0.35
34 5 0.35
35 5 0.35
36 5 0.35
37 5 0.35
38 5 0.35
39 5 0.35
40 5 0.35
41 5 0.35
42 5 0.35
43 5 0.35
44 5 0.35
45 5 0.35
46 5 0.35
47 5 0.35
48 5 0.35
49 5 0.35
50 5 0.35
51 5 0.35
52 5 0.35
53 5 0.35
54 5 0.35
55 5 0.35
56 5 0.35
57 5 0.35
58 5 0.35
59 5 0.35
60 5 0.35
61 5 0.35
62 5 0.35
63 5 0.35
64 5 0.35
65 5 0.35
66 5 0.35
67 5 0.35
68 5 0.35
69 5 0.35
70 5 0.35
71 5 0.35
72 5 0.35
73 5 0.35
74 5 0.35
75 5 0.35
76 5 0.35
77 5 0.35
78 5 0.35
79 5 0.35
80 5 0.35
81 5 0.35
82 5 0.35
83 5 0.35
84 5 0.35
85 5 0.35
86 5 0.35
87 5 0.35
88 5 0.35
89 5 0.35
90 5 0.35
91 5 0.35
92 5 0.35
93 5 0.35
94 5 0.35
95 5 0.35
96 5 0.35
97 5 0.35
98 5 0.35
99 5 0.35
100 5 0.35
1 10 0.35
2 10 0.35
3 10 0.35
4 10 0.35
5 10 0.35
6 10 0.35
7 10 0.35
8 10 0.35
9 10 0.35
10 10 0.35
11 10 0.35
12 10 0.35
13 10 0.35
14 10 0.35
15 10 0.35
16 10 0.35
17 10 0.35
18 10 0.35
19 10 0.35
20 10 0.35
21 10 0.35
22 10 0.35
23 10 0.35
24 10 0.35
25 10 0.35
26 10 0.35
27 10 0.35
28 10 0.35
29 10 0.35
30 10 0.35
31 10 0.35
32 10 0.35
33 10 0.35
34 10 0.35
35 10 0.35
36 10 0.35
37 10 0.35
38 10 0.35
39 10 0.35
40 10 0.35
41 10 0.35
42 10 0.35
43 10 0.35
44 10 0.35
45 10 0.35
46 10 0.35
47 10 0.35
48 10 0.35
49 10 0.35
50 10 0.35
51 10 0.35
52 10 0.35
53 10 0.35
54 10 0.35
55 10 0.35
56 10 0.35
57 10 0.35
58 10 0.35
59 10 0.35
60 10 0.35
61 10 0.35
62 10 0.35
63 10 0.35
64 10 0.35
65 10 0.35
66 10 0.35
67 10 0.35
68 10 0.35
69 10 0.35
70 10 0.35
71 10 0.35
72 10 0.35
73 10 0.35
74 10 0.35
75 10 0.35
76 10 0.35
77 10 0.35
78 10 0.35
79 10 0.35
80 10 0.35
81 10 0.35
82 10 0.35
83 10 0.35
84 10 0.35
85 10 0.35
86 10 0.35
87 10 0.35
88 10 0.35
89 10 0.35
90 10 0.35
91 10 0.35
92 10 0.35
93 10 0.35
94 10 0.35
95 10 0.35
96 10 0.35
97 10 0.35
98 10 0.35
99 10 0.35
100 10 0.35
1 25 0.35
2 25 0.35
3 25 0.35
4 25 0.35
5 25 0.35
6 25 0.35
7 25 0.35
8 25 0.35
9 25 0.35
10 25 0.35
11 25 0.35
12 25 0.35
13 25 0.35
14 25 0.35
15 25 0.35
16 25 0.35
17 25 0.35
18 25 0.35
19 25 0.35
20 25 0.35
21 25 0.35
22 25 0.35
23 25 0.35
24 25 0.35
25 25 0.35
26 25 0.35
27 25 0.35
28 25 0.35
29 25 0.35
30 25 0.35
31 25 0.35
32 25 0.35
33 25 0.35
34 25 0.35
35 25 0.35
36 25 0.35
37 25 0.35
38 25 0.35
39 25 0.35
40 25 0.35
41 25 0.35
42 25 0.35
43 25 0.35
44 25 0.35
45 25 0.35
46 25 0.35
47 25 0.35
48 25 0.35
49 25 0.35
50 25 0.35
51 25 0.35
52 25 0.35
53 25 0.35
54 25 0.35
55 25 0.35
56 25 0.35
57 25 0.35
58 25 0.35
59 25 0.35
60 25 0.35
61 25 0.35
62 25 0.35
63 25 0.35
64 25 0.35
65 25 0.35
66 25 0.35
67 25 0.35
68 25 0.35
69 25 0.35
70 25 0.35
71 25 0.35
72 25 0.35
73 25 0.35
74 25 0.35
75 25 0.35
76 25 0.35
77 25 0.35
78 25 0.35
79 25 0.35
80 25 0.35
81 25 0.35
82 25 0.35
83 25 0.35
84 25 0.35
85 25 0.35
86 25 0.35
87 25 0.35
88 25 0.35
89 25 0.35
90 25 0.35
91 25 0.35
92 25 0.35
93 25 0.35
94 25 0.35
95 25 0.35
96 25 0.35
97 25 0.35
98 25 0.35
99 25 0.35
100 25 0.35
1 50 0.35
2 50 0.35
3 50 0.35
4 50 0.35
5 50 0.35
6 50 0.35
7 50 0.35
8 50 0.35
9 50 0.35
10 50 0.35
11 50 0.35
12 50 0.35
13 50 0.35
14 50 0.35
15 50 0.35
16 50 0.35
17 50 0.35
18 50 0.35
19 50 0.35
20 50 0.35
21 50 0.35
22 50 0.35
23 50 0.35
24 50 0.35
25 50 0.35
26 50 0.35
27 50 0.35
28 50 0.35
29 50 0.35
30 50 0.35
31 50 0.35
32 50 0.35
33 50 0.35
34 50 0.35
35 50 0.35
36 50 0.35
37 50 0.35
38 50 0.35
39 50 0.35
40 50 0.35
41 50 0.35
42 50 0.35
43 50 0.35
44 50 0.35
45 50 0.35
46 50 0.35
47 50 0.35
48 50 0.35
49 50 0.35
50 50 0.35
51 50 0.35
52 50 0.35
53 50 0.35
54 50 0.35
55 50 0.35
56 50 0.35
57 50 0.35
58 50 0.35
59 50 0.35
60 50 0.35
61 50 0.35
62 50 0.35
63 50 0.35
64 50 0.35
65 50 0.35
66 50 0.35
67 50 0.35
68 50 0.35
69 50 0.35
70 50 0.35
71 50 0.35
72 50 0.35
73 50 0.35
74 50 0.35
75 50 0.35
76 50 0.35
77 50 0.35
78 50 0.35
79 50 0.35
80 50 0.35
81 50 0.35
82 50 0.35
83 50 0.35
84 50 0.35
85 50 0.35
86 50 0.35
87 50 0.35
88 50 0.35
89 50 0.35
90 50 0.35
91 50 0.35
92 50 0.35
93 50 0.35
94 50 0.35
95 50 0.35
96 50 0.35
97 50 0.35
98 50 0.35
99 50 0.35
100 50 0.35
1 75 0.35
2 75 0.35
3 75 0.35
4 75 0.35
5 75 0.35
6 75 0.35
7 75 0.35
8 75 0.35
9 75 0.35
10 75 0.35
11 75 0.35
12 75 0.35
13 75 0.35
14 75 0.35
15 75 0.35
16 75 0.35
17 75 0.35
18 75 0.35
19 75 0.35
20 75 0.35
21 75 0.35
22 75 0.35
23 75 0.35
24 75 0.35
25 75 0.35
26 75 0.35
27 75 0.35
28 75 0.35
29 75 0.35
30 75 0.35
31 75 0.35
32 75 0.35
33 75 0.35
34 75 0.35
35 75 0.35
36 75 0.35
37 75 0.35
38 75 0.35
39 75 0.35
40 75 0.35
41 75 0.35
42 75 0.35
43 75 0.35
44 75 0.35
45 75 0.35
46 75 0.35
47 75 0.35
48 75 0.35
49 75 0.35
50 75 0.35
51 75 0.35
52 75 0.35
53 75 0.35
54 75 0.35
55 75 0.35
56 75 0.35
57 75 0.35
58 75 0.35
59 75 0.35
60 75 0.35
61 75 0.35
62 75 0.35
63 75 0.35
64 75 0.35
65 75 0.35
66 75 0.35
67 75 0.35
68 75 0.35
69 75 0.35
70 75 0.35
71 75 0.35
72 75 0.35
73 75 0.35
74 75 0.35
75 75 0.35
76 75 0.35
77 75 0.35
78 75 0.35
79 75 0.35
80 75 0.35
81 75 0.35
82 75 0.35
83 75 0.35
84 75 0.35
85 75 0.35
86 75 0.35
87 75 0.35
88 75 0.35
89 75 0.35
90 75 0.35
91 75 0.35
92 75 0.35
93 75 0.35
94 75 0.35
95 75 0.35
96 75 0.35
97 75 0.35
98 75 0.35
99 75 0.35
100 75 0.35
1 100 0.35
2 100 0.35
3 100 0.35
4 100 0.35
5 100 0.35
6 100 0.35
7 100 0.35
8 100 0.35
9 100 0.35
10 100 0.35
11 100 0.35
12 100 0.35
13 100 0.35
14 100 0.35
15 100 0.35
16 100 0.35
17 100 0.35
18 100 0.35
19 100 0.35
20 100 0.35
21 100 0.35
22 100 0.35
23 100 0.35
24 100 0.35
25 100 0.35
26 100 0.35
27 100 0.35
28 100 0.35
29 100 0.35
30 100 0.35
31 100 0.35
32 100 0.35
33 100 0.35
34 100 0.35
35 100 0.35
36 100 0.35
37 100 0.35
38 100 0.35
39 100 0.35
40 100 0.35
41 100 0.35
42 100 0.35
43 100 0.35
44 100 0.35
45 100 0.35
46 100 0.35
47 100 0.35
48 100 0.35
49 100 0.35
50 100 0.35
51 100 0.35
52 100 0.35
53 100 0.35
54 100 0.35
55 100 0.35
56 100 0.35
57 100 0.35
58 100 0.35
59 100 0.35
60 100 0.35
61 100 0.35
62 100 0.35
63 100 0.35
64 100 0.35
65 100 0.35
66 100 0.35
67 100 0.35
68 100 0.35
69 100 0.35
70 100 0.35
71 100 0.35
72 100 0.35
73 100 0.35
74 100 0.35
75 100 0.35
76 100 0.35
77 100 0.35
78 100 0.35
79 100 0.35
80 100 0.35
81 100 0.35
82 100 0.35
83 100 0.35
84 100 0.35
85 100 0.35
86 100 0.35
87 100 0.35
88 100 0.35
89 100 0.35
90 100 0.35
91 100 0.35
92 100 0.35
93 100 0.35
94 100 0.35
95 100 0.35
96 100 0.35
97 100 0.35
98 100 0.35
99 100 0.35
100 100 0.35
1 5 0.4
2 5 0.4
3 5 0.4
4 5 0.4
5 5 0.4
6 5 0.4
7 5 0.4
8 5 0.4
9 5 0.4
10 5 0.4
11 5 0.4
12 5 0.4
13 5 0.4
14 5 0.4
15 5 0.4
16 5 0.4
17 5 0.4
18 5 0.4
19 5 0.4
20 5 0.4
21 5 0.4
22 5 0.4
23 5 0.4
24 5 0.4
25 5 0.4
26 5 0.4
27 5 0.4
28 5 0.4
29 5 0.4
30 5 0.4
31 5 0.4
32 5 0.4
33 5 0.4
34 5 0.4
35 5 0.4
36 5 0.4
37 5 0.4
38 5 0.4
39 5 0.4
40 5 0.4
41 5 0.4
42 5 0.4
43 5 0.4
44 5 0.4
45 5 0.4
46 5 0.4
47 5 0.4
48 5 0.4
49 5 0.4
50 5 0.4
51 5 0.4
52 5 0.4
53 5 0.4
54 5 0.4
55 5 0.4
56 5 0.4
57 5 0.4
58 5 0.4
59 5 0.4
60 5 0.4
61 5 0.4
62 5 0.4
63 5 0.4
64 5 0.4
65 5 0.4
66 5 0.4
67 5 0.4
68 5 0.4
69 5 0.4
70 5 0.4
71 5 0.4
72 5 0.4
73 5 0.4
74 5 0.4
75 5 0.4
76 5 0.4
77 5 0.4
78 5 0.4
79 5 0.4
80 5 0.4
81 5 0.4
82 5 0.4
83 5 0.4
84 5 0.4
85 5 0.4
86 5 0.4
87 5 0.4
88 5 0.4
89 5 0.4
90 5 0.4
91 5 0.4
92 5 0.4
93 5 0.4
94 5 0.4
95 5 0.4
96 5 0.4
97 5 0.4
98 5 0.4
99 5 0.4
100 5 0.4
1 10 0.4
2 10 0.4
3 10 0.4
4 10 0.4
5 10 0.4
6 10 0.4
7 10 0.4
8 10 0.4
9 10 0.4
10 10 0.4
11 10 0.4
12 10 0.4
13 10 0.4
14 10 0.4
15 10 0.4
16 10 0.4
17 10 0.4
18 10 0.4
19 10 0.4
20 10 0.4
21 10 0.4
22 10 0.4
23 10 0.4
24 10 0.4
25 10 0.4
26 10 0.4
27 10 0.4
28 10 0.4
29 10 0.4
30 10 0.4
31 10 0.4
32 10 0.4
33 10 0.4
34 10 0.4
35 10 0.4
36 10 0.4
37 10 0.4
38 10 0.4
39 10 0.4
40 10 0.4
41 10 0.4
42 10 0.4
43 10 0.4
44 10 0.4
45 10 0.4
46 10 0.4
47 10 0.4
48 10 0.4
49 10 0.4
50 10 0.4
51 10 0.4
52 10 0.4
53 10 0.4
54 10 0.4
55 10 0.4
56 10 0.4
57 10 0.4
58 10 0.4
59 10 0.4
60 10 0.4
61 10 0.4
62 10 0.4
63 10 0.4
64 10 0.4
65 10 0.4
66 10 0.4
67 10 0.4
68 10 0.4
69 10 0.4
70 10 0.4
71 10 0.4
72 10 0.4
73 10 0.4
74 10 0.4
75 10 0.4
76 10 0.4
77 10 0.4
78 10 0.4
79 10 0.4
80 10 0.4
81 10 0.4
82 10 0.4
83 10 0.4
84 10 0.4
85 10 0.4
86 10 0.4
87 10 0.4
88 10 0.4
89 10 0.4
90 10 0.4
91 10 0.4
92 10 0.4
93 10 0.4
94 10 0.4
95 10 0.4
96 10 0.4
97 10 0.4
98 10 0.4
99 10 0.4
100 10 0.4
1 25 0.4
2 25 0.4
3 25 0.4
4 25 0.4
5 25 0.4
6 25 0.4
7 25 0.4
8 25 0.4
9 25 0.4
10 25 0.4
11 25 0.4
12 25 0.4
13 25 0.4
14 25 0.4
15 25 0.4
16 25 0.4
17 25 0.4
18 25 0.4
19 25 0.4
20 25 0.4
21 25 0.4
22 25 0.4
23 25 0.4
24 25 0.4
25 25 0.4
26 25 0.4
27 25 0.4
28 25 0.4
29 25 0.4
30 25 0.4
31 25 0.4
32 25 0.4
33 25 0.4
34 25 0.4
35 25 0.4
36 25 0.4
37 25 0.4
38 25 0.4
39 25 0.4
40 25 0.4
41 25 0.4
42 25 0.4
43 25 0.4
44 25 0.4
45 25 0.4
46 25 0.4
47 25 0.4
48 25 0.4
49 25 0.4
50 25 0.4
51 25 0.4
52 25 0.4
53 25 0.4
54 25 0.4
55 25 0.4
56 25 0.4
57 25 0.4
58 25 0.4
59 25 0.4
60 25 0.4
61 25 0.4
62 25 0.4
63 25 0.4
64 25 0.4
65 25 0.4
66 25 0.4
67 25 0.4
68 25 0.4
69 25 0.4
70 25 0.4
71 25 0.4
72 25 0.4
73 25 0.4
74 25 0.4
75 25 0.4
76 25 0.4
77 25 0.4
78 25 0.4
79 25 0.4
80 25 0.4
81 25 0.4
82 25 0.4
83 25 0.4
84 25 0.4
85 25 0.4
86 25 0.4
87 25 0.4
88 25 0.4
89 25 0.4
90 25 0.4
91 25 0.4
92 25 0.4
93 25 0.4
94 25 0.4
95 25 0.4
96 25 0.4
97 25 0.4
98 25 0.4
99 25 0.4
100 25 0.4
1 50 0.4
2 50 0.4
3 50 0.4
4 50 0.4
5 50 0.4
6 50 0.4
7 50 0.4
8 50 0.4
9 50 0.4
10 50 0.4
11 50 0.4
12 50 0.4
13 50 0.4
14 50 0.4
15 50 0.4
16 50 0.4
17 50 0.4
18 50 0.4
19 50 0.4
20 50 0.4
21 50 0.4
22 50 0.4
23 50 0.4
24 50 0.4
25 50 0.4
26 50 0.4
27 50 0.4
28 50 0.4
29 50 0.4
30 50 0.4
31 50 0.4
32 50 0.4
33 50 0.4
34 50 0.4
35 50 0.4
36 50 0.4
37 50 0.4
38 50 0.4
39 50 0.4
40 50 0.4
41 50 0.4
42 50 0.4
43 50 0.4
44 50 0.4
45 50 0.4
46 50 0.4
47 50 0.4
48 50 0.4
49 50 0.4
50 50 0.4
51 50 0.4
52 50 0.4
53 50 0.4
54 50 0.4
55 50 0.4
56 50 0.4
57 50 0.4
58 50 0.4
59 50 0.4
60 50 0.4
61 50 0.4
62 50 0.4
63 50 0.4
64 50 0.4
65 50 0.4
66 50 0.4
67 50 0.4
68 50 0.4
69 50 0.4
70 50 0.4
71 50 0.4
72 50 0.4
73 50 0.4
74 50 0.4
75 50 0.4
76 50 0.4
77 50 0.4
78 50 0.4
79 50 0.4
80 50 0.4
81 50 0.4
82 50 0.4
83 50 0.4
84 50 0.4
85 50 0.4
86 50 0.4
87 50 0.4
88 50 0.4
89 50 0.4
90 50 0.4
91 50 0.4
92 50 0.4
93 50 0.4
94 50 0.4
95 50 0.4
96 50 0.4
97 50 0.4
98 50 0.4
99 50 0.4
100 50 0.4
1 75 0.4
2 75 0.4
3 75 0.4
4 75 0.4
5 75 0.4
6 75 0.4
7 75 0.4
8 75 0.4
9 75 0.4
10 75 0.4
11 75 0.4
12 75 0.4
13 75 0.4
14 75 0.4
15 75 0.4
16 75 0.4
17 75 0.4
18 75 0.4
19 75 0.4
20 75 0.4
21 75 0.4
22 75 0.4
23 75 0.4
24 75 0.4
25 75 0.4
26 75 0.4
27 75 0.4
28 75 0.4
29 75 0.4
30 75 0.4
31 75 0.4
32 75 0.4
33 75 0.4
34 75 0.4
35 75 0.4
36 75 0.4
37 75 0.4
38 75 0.4
39 75 0.4
40 75 0.4
41 75 0.4
42 75 0.4
43 75 0.4
44 75 0.4
45 75 0.4
46 75 0.4
47 75 0.4
48 75 0.4
49 75 0.4
50 75 0.4
51 75 0.4
52 75 0.4
53 75 0.4
54 75 0.4
55 75 0.4
56 75 0.4
57 75 0.4
58 75 0.4
59 75 0.4
60 75 0.4
61 75 0.4
62 75 0.4
63 75 0.4
64 75 0.4
65 75 0.4
66 75 0.4
67 75 0.4
68 75 0.4
69 75 0.4
70 75 0.4
71 75 0.4
72 75 0.4
73 75 0.4
74 75 0.4
75 75 0.4
76 75 0.4
77 75 0.4
78 75 0.4
79 75 0.4
80 75 0.4
81 75 0.4
82 75 0.4
83 75 0.4
84 75 0.4
85 75 0.4
86 75 0.4
87 75 0.4
88 75 0.4
89 75 0.4
90 75 0.4
91 75 0.4
92 75 0.4
93 75 0.4
94 75 0.4
95 75 0.4
96 75 0.4
97 75 0.4
98 75 0.4
99 75 0.4
100 75 0.4
1 100 0.4
2 100 0.4
3 100 0.4
4 100 0.4
5 100 0.4
6 100 0.4
7 100 0.4
8 100 0.4
9 100 0.4
10 100 0.4
11 100 0.4
12 100 0.4
13 100 0.4
14 100 0.4
15 100 0.4
16 100 0.4
17 100 0.4
18 100 0.4
19 100 0.4
20 100 0.4
21 100 0.4
22 100 0.4
23 100 0.4
24 100 0.4
25 100 0.4
26 100 0.4
27 100 0.4
28 100 0.4
29 100 0.4
30 100 0.4
31 100 0.4
32 100 0.4
33 100 0.4
34 100 0.4
35 100 0.4
36 100 0.4
37 100 0.4
38 100 0.4
39 100 0.4
40 100 0.4
41 100 0.4
42 100 0.4
43 100 0.4
44 100 0.4
45 100 0.4
46 100 0.4
47 100 0.4
48 100 0.4
49 100 0.4
50 100 0.4
51 100 0.4
52 100 0.4
53 100 0.4
54 100 0.4
55 100 0.4
56 100 0.4
57 100 0.4
58 100 0.4
59 100 0.4
60 100 0.4
61 100 0.4
62 100 0.4
63 100 0.4
64 100 0.4
65 100 0.4
66 100 0.4
67 100 0.4
68 100 0.4
69 100 0.4
70 100 0.4
71 100 0.4
72 100 0.4
73 100 0.4
74 100 0.4
75 100 0.4
76 100 0.4
77 100 0.4
78 100 0.4
79 100 0.4
80 100 0.4
81 100 0.4
82 100 0.4
83 100 0.4
84 100 0.4
85 100 0.4
86 100 0.4
87 100 0.4
88 100 0.4
89 100 0.4
90 100 0.4
91 100 0.4
92 100 0.4
93 100 0.4
94 100 0.4
95 100 0.4
96 100 0.4
97 100 0.4
98 100 0.4
99 100 0.4
100 100 0.4
1 5 0.45
2 5 0.45
3 5 0.45
4 5 0.45
5 5 0.45
6 5 0.45
7 5 0.45
8 5 0.45
9 5 0.45
10 5 0.45
11 5 0.45
12 5 0.45
13 5 0.45
14 5 0.45
15 5 0.45
16 5 0.45
17 5 0.45
18 5 0.45
19 5 0.45
20 5 0.45
21 5 0.45
22 5 0.45
23 5 0.45
24 5 0.45
25 5 0.45
26 5 0.45
27 5 0.45
28 5 0.45
29 5 0.45
30 5 0.45
31 5 0.45
32 5 0.45
33 5 0.45
34 5 0.45
35 5 0.45
36 5 0.45
37 5 0.45
38 5 0.45
39 5 0.45
40 5 0.45
41 5 0.45
42 5 0.45
43 5 0.45
44 5 0.45
45 5 0.45
46 5 0.45
47 5 0.45
48 5 0.45
49 5 0.45
50 5 0.45
51 5 0.45
52 5 0.45
53 5 0.45
54 5 0.45
55 5 0.45
56 5 0.45
57 5 0.45
58 5 0.45
59 5 0.45
60 5 0.45
61 5 0.45
62 5 0.45
63 5 0.45
64 5 0.45
65 5 0.45
66 5 0.45
67 5 0.45
68 5 0.45
69 5 0.45
70 5 0.45
71 5 0.45
72 5 0.45
73 5 0.45
74 5 0.45
75 5 0.45
76 5 0.45
77 5 0.45
78 5 0.45
79 5 0.45
80 5 0.45
81 5 0.45
82 5 0.45
83 5 0.45
84 5 0.45
85 5 0.45
86 5 0.45
87 5 0.45
88 5 0.45
89 5 0.45
90 5 0.45
91 5 0.45
92 5 0.45
93 5 0.45
94 5 0.45
95 5 0.45
96 5 0.45
97 5 0.45
98 5 0.45
99 5 0.45
100 5 0.45
1 10 0.45
2 10 0.45
3 10 0.45
4 10 0.45
5 10 0.45
6 10 0.45
7 10 0.45
8 10 0.45
9 10 0.45
10 10 0.45
11 10 0.45
12 10 0.45
13 10 0.45
14 10 0.45
15 10 0.45
16 10 0.45
17 10 0.45
18 10 0.45
19 10 0.45
20 10 0.45
21 10 0.45
22 10 0.45
23 10 0.45
24 10 0.45
25 10 0.45
26 10 0.45
27 10 0.45
28 10 0.45
29 10 0.45
30 10 0.45
31 10 0.45
32 10 0.45
33 10 0.45
34 10 0.45
35 10 0.45
36 10 0.45
37 10 0.45
38 10 0.45
39 10 0.45
40 10 0.45
41 10 0.45
42 10 0.45
43 10 0.45
44 10 0.45
45 10 0.45
46 10 0.45
47 10 0.45
48 10 0.45
49 10 0.45
50 10 0.45
51 10 0.45
52 10 0.45
53 10 0.45
54 10 0.45
55 10 0.45
56 10 0.45
57 10 0.45
58 10 0.45
59 10 0.45
60 10 0.45
61 10 0.45
62 10 0.45
63 10 0.45
64 10 0.45
65 10 0.45
66 10 0.45
67 10 0.45
68 10 0.45
69 10 0.45
70 10 0.45
71 10 0.45
72 10 0.45
73 10 0.45
74 10 0.45
75 10 0.45
76 10 0.45
77 10 0.45
78 10 0.45
79 10 0.45
80 10 0.45
81 10 0.45
82 10 0.45
83 10 0.45
84 10 0.45
85 10 0.45
86 10 0.45
87 10 0.45
88 10 0.45
89 10 0.45
90 10 0.45
91 10 0.45
92 10 0.45
93 10 0.45
94 10 0.45
95 10 0.45
96 10 0.45
97 10 0.45
98 10 0.45
99 10 0.45
100 10 0.45
1 25 0.45
2 25 0.45
3 25 0.45
4 25 0.45
5 25 0.45
6 25 0.45
7 25 0.45
8 25 0.45
9 25 0.45
10 25 0.45
11 25 0.45
12 25 0.45
13 25 0.45
14 25 0.45
15 25 0.45
16 25 0.45
17 25 0.45
18 25 0.45
19 25 0.45
20 25 0.45
21 25 0.45
22 25 0.45
23 25 0.45
24 25 0.45
25 25 0.45
26 25 0.45
27 25 0.45
28 25 0.45
29 25 0.45
30 25 0.45
31 25 0.45
32 25 0.45
33 25 0.45
34 25 0.45
35 25 0.45
36 25 0.45
37 25 0.45
38 25 0.45
39 25 0.45
40 25 0.45
41 25 0.45
42 25 0.45
43 25 0.45
44 25 0.45
45 25 0.45
46 25 0.45
47 25 0.45
48 25 0.45
49 25 0.45
50 25 0.45
51 25 0.45
52 25 0.45
53 25 0.45
54 25 0.45
55 25 0.45
56 25 0.45
57 25 0.45
58 25 0.45
59 25 0.45
60 25 0.45
61 25 0.45
62 25 0.45
63 25 0.45
64 25 0.45
65 25 0.45
66 25 0.45
67 25 0.45
68 25 0.45
69 25 0.45
70 25 0.45
71 25 0.45
72 25 0.45
73 25 0.45
74 25 0.45
75 25 0.45
76 25 0.45
77 25 0.45
78 25 0.45
79 25 0.45
80 25 0.45
81 25 0.45
82 25 0.45
83 25 0.45
84 25 0.45
85 25 0.45
86 25 0.45
87 25 0.45
88 25 0.45
89 25 0.45
90 25 0.45
91 25 0.45
92 25 0.45
93 25 0.45
94 25 0.45
95 25 0.45
96 25 0.45
97 25 0.45
98 25 0.45
99 25 0.45
100 25 0.45
1 50 0.45
2 50 0.45
3 50 0.45
4 50 0.45
5 50 0.45
6 50 0.45
7 50 0.45
8 50 0.45
9 50 0.45
10 50 0.45
11 50 0.45
12 50 0.45
13 50 0.45
14 50 0.45
15 50 0.45
16 50 0.45
17 50 0.45
18 50 0.45
19 50 0.45
20 50 0.45
21 50 0.45
22 50 0.45
23 50 0.45
24 50 0.45
25 50 0.45
26 50 0.45
27 50 0.45
28 50 0.45
29 50 0.45
30 50 0.45
31 50 0.45
32 50 0.45
33 50 0.45
34 50 0.45
35 50 0.45
36 50 0.45
37 50 0.45
38 50 0.45
39 50 0.45
40 50 0.45
41 50 0.45
42 50 0.45
43 50 0.45
44 50 0.45
45 50 0.45
46 50 0.45
47 50 0.45
48 50 0.45
49 50 0.45
50 50 0.45
51 50 0.45
52 50 0.45
53 50 0.45
54 50 0.45
55 50 0.45
56 50 0.45
57 50 0.45
58 50 0.45
59 50 0.45
60 50 0.45
61 50 0.45
62 50 0.45
63 50 0.45
64 50 0.45
65 50 0.45
66 50 0.45
67 50 0.45
68 50 0.45
69 50 0.45
70 50 0.45
71 50 0.45
72 50 0.45
73 50 0.45
74 50 0.45
75 50 0.45
76 50 0.45
77 50 0.45
78 50 0.45
79 50 0.45
80 50 0.45
81 50 0.45
82 50 0.45
83 50 0.45
84 50 0.45
85 50 0.45
86 50 0.45
87 50 0.45
88 50 0.45
89 50 0.45
90 50 0.45
91 50 0.45
92 50 0.45
93 50 0.45
94 50 0.45
95 50 0.45
96 50 0.45
97 50 0.45
98 50 0.45
99 50 0.45
100 50 0.45
1 75 0.45
2 75 0.45
3 75 0.45
4 75 0.45
5 75 0.45
6 75 0.45
7 75 0.45
8 75 0.45
9 75 0.45
10 75 0.45
11 75 0.45
12 75 0.45
13 75 0.45
14 75 0.45
15 75 0.45
16 75 0.45
17 75 0.45
18 75 0.45
19 75 0.45
20 75 0.45
21 75 0.45
22 75 0.45
23 75 0.45
24 75 0.45
25 75 0.45
26 75 0.45
27 75 0.45
28 75 0.45
29 75 0.45
30 75 0.45
31 75 0.45
32 75 0.45
33 75 0.45
34 75 0.45
35 75 0.45
36 75 0.45
37 75 0.45
38 75 0.45
39 75 0.45
40 75 0.45
41 75 0.45
42 75 0.45
43 75 0.45
44 75 0.45
45 75 0.45
46 75 0.45
47 75 0.45
48 75 0.45
49 75 0.45
50 75 0.45
51 75 0.45
52 75 0.45
53 75 0.45
54 75 0.45
55 75 0.45
56 75 0.45
57 75 0.45
58 75 0.45
59 75 0.45
60 75 0.45
61 75 0.45
62 75 0.45
63 75 0.45
64 75 0.45
65 75 0.45
66 75 0.45
67 75 0.45
68 75 0.45
69 75 0.45
70 75 0.45
71 75 0.45
72 75 0.45
73 75 0.45
74 75 0.45
75 75 0.45
76 75 0.45
77 75 0.45
78 75 0.45
79 75 0.45
80 75 0.45
81 75 0.45
82 75 0.45
83 75 0.45
84 75 0.45
85 75 0.45
86 75 0.45
87 75 0.45
88 75 0.45
89 75 0.45
90 75 0.45
91 75 0.45
92 75 0.45
93 75 0.45
94 75 0.45
95 75 0.45
96 75 0.45
97 75 0.45
98 75 0.45
99 75 0.45
100 75 0.45
1 100 0.45
2 100 0.45
3 100 0.45
4 100 0.45
5 100 0.45
6 100 0.45
7 100 0.45
8 100 0.45
9 100 0.45
10 100 0.45
11 100 0.45
12 100 0.45
13 100 0.45
14 100 0.45
15 100 0.45
16 100 0.45
17 100 0.45
18 100 0.45
19 100 0.45
20 100 0.45
21 100 0.45
22 100 0.45
23 100 0.45
24 100 0.45
25 100 0.45
26 100 0.45
27 100 0.45
28 100 0.45
29 100 0.45
30 100 0.45
31 100 0.45
32 100 0.45
33 100 0.45
34 100 0.45
35 100 0.45
36 100 0.45
37 100 0.45
38 100 0.45
39 100 0.45
40 100 0.45
41 100 0.45
42 100 0.45
43 100 0.45
44 100 0.45
45 100 0.45
46 100 0.45
47 100 0.45
48 100 0.45
49 100 0.45
50 100 0.45
51 100 0.45
52 100 0.45
53 100 0.45
54 100 0.45
55 100 0.45
56 100 0.45
57 100 0.45
58 100 0.45
59 100 0.45
60 100 0.45
61 100 0.45
62 100 0.45
63 100 0.45
64 100 0.45
65 100 0.45
66 100 0.45
67 100 0.45
68 100 0.45
69 100 0.45
70 100 0.45
71 100 0.45
72 100 0.45
73 100 0.45
74 100 0.45
75 100 0.45
76 100 0.45
77 100 0.45
78 100 0.45
79 100 0.45
80 100 0.45
81 100 0.45
82 100 0.45
83 100 0.45
84 100 0.45
85 100 0.45
86 100 0.45
87 100 0.45
88 100 0.45
89 100 0.45
90 100 0.45
91 100 0.45
92 100 0.45
93 100 0.45
94 100 0.45
95 100 0.45
96 100 0.45
97 100 0.45
98 100 0.45
99 100 0.45
100 100 0.45
1 5 0.5
2 5 0.5
3 5 0.5
4 5 0.5
5 5 0.5
6 5 0.5
7 5 0.5
8 5 0.5
9 5 0.5
10 5 0.5
11 5 0.5
12 5 0.5
13 5 0.5
14 5 0.5
15 5 0.5
16 5 0.5
17 5 0.5
18 5 0.5
19 5 0.5
20 5 0.5
21 5 0.5
22 5 0.5
23 5 0.5
24 5 0.5
25 5 0.5
26 5 0.5
27 5 0.5
28 5 0.5
29 5 0.5
30 5 0.5
31 5 0.5
32 5 0.5
33 5 0.5
34 5 0.5
35 5 0.5
36 5 0.5
37 5 0.5
38 5 0.5
39 5 0.5
40 5 0.5
41 5 0.5
42 5 0.5
43 5 0.5
44 5 0.5
45 5 0.5
46 5 0.5
47 5 0.5
48 5 0.5
49 5 0.5
50 5 0.5
51 5 0.5
52 5 0.5
53 5 0.5
54 5 0.5
55 5 0.5
56 5 0.5
57 5 0.5
58 5 0.5
59 5 0.5
60 5 0.5
61 5 0.5
62 5 0.5
63 5 0.5
64 5 0.5
65 5 0.5
66 5 0.5
67 5 0.5
68 5 0.5
69 5 0.5
70 5 0.5
71 5 0.5
72 5 0.5
73 5 0.5
74 5 0.5
75 5 0.5
76 5 0.5
77 5 0.5
78 5 0.5
79 5 0.5
80 5 0.5
81 5 0.5
82 5 0.5
83 5 0.5
84 5 0.5
85 5 0.5
86 5 0.5
87 5 0.5
88 5 0.5
89 5 0.5
90 5 0.5
91 5 0.5
92 5 0.5
93 5 0.5
94 5 0.5
95 5 0.5
96 5 0.5
97 5 0.5
98 5 0.5
99 5 0.5
100 5 0.5
1 10 0.5
2 10 0.5
3 10 0.5
4 10 0.5
5 10 0.5
6 10 0.5
7 10 0.5
8 10 0.5
9 10 0.5
10 10 0.5
11 10 0.5
12 10 0.5
13 10 0.5
14 10 0.5
15 10 0.5
16 10 0.5
17 10 0.5
18 10 0.5
19 10 0.5
20 10 0.5
21 10 0.5
22 10 0.5
23 10 0.5
24 10 0.5
25 10 0.5
26 10 0.5
27 10 0.5
28 10 0.5
29 10 0.5
30 10 0.5
31 10 0.5
32 10 0.5
33 10 0.5
34 10 0.5
35 10 0.5
36 10 0.5
37 10 0.5
38 10 0.5
39 10 0.5
40 10 0.5
41 10 0.5
42 10 0.5
43 10 0.5
44 10 0.5
45 10 0.5
46 10 0.5
47 10 0.5
48 10 0.5
49 10 0.5
50 10 0.5
51 10 0.5
52 10 0.5
53 10 0.5
54 10 0.5
55 10 0.5
56 10 0.5
57 10 0.5
58 10 0.5
59 10 0.5
60 10 0.5
61 10 0.5
62 10 0.5
63 10 0.5
64 10 0.5
65 10 0.5
66 10 0.5
67 10 0.5
68 10 0.5
69 10 0.5
70 10 0.5
71 10 0.5
72 10 0.5
73 10 0.5
74 10 0.5
75 10 0.5
76 10 0.5
77 10 0.5
78 10 0.5
79 10 0.5
80 10 0.5
81 10 0.5
82 10 0.5
83 10 0.5
84 10 0.5
85 10 0.5
86 10 0.5
87 10 0.5
88 10 0.5
89 10 0.5
90 10 0.5
91 10 0.5
92 10 0.5
93 10 0.5
94 10 0.5
95 10 0.5
96 10 0.5
97 10 0.5
98 10 0.5
99 10 0.5
100 10 0.5
1 25 0.5
2 25 0.5
3 25 0.5
4 25 0.5
5 25 0.5
6 25 0.5
7 25 0.5
8 25 0.5
9 25 0.5
10 25 0.5
11 25 0.5
12 25 0.5
13 25 0.5
14 25 0.5
15 25 0.5
16 25 0.5
17 25 0.5
18 25 0.5
19 25 0.5
20 25 0.5
21 25 0.5
22 25 0.5
23 25 0.5
24 25 0.5
25 25 0.5
26 25 0.5
27 25 0.5
28 25 0.5
29 25 0.5
30 25 0.5
31 25 0.5
32 25 0.5
33 25 0.5
34 25 0.5
35 25 0.5
36 25 0.5
37 25 0.5
38 25 0.5
39 25 0.5
40 25 0.5
41 25 0.5
42 25 0.5
43 25 0.5
44 25 0.5
45 25 0.5
46 25 0.5
47 25 0.5
48 25 0.5
49 25 0.5
50 25 0.5
51 25 0.5
52 25 0.5
53 25 0.5
54 25 0.5
55 25 0.5
56 25 0.5
57 25 0.5
58 25 0.5
59 25 0.5
60 25 0.5
61 25 0.5
62 25 0.5
63 25 0.5
64 25 0.5
65 25 0.5
66 25 0.5
67 25 0.5
68 25 0.5
69 25 0.5
70 25 0.5
71 25 0.5
72 25 0.5
73 25 0.5
74 25 0.5
75 25 0.5
76 25 0.5
77 25 0.5
78 25 0.5
79 25 0.5
80 25 0.5
81 25 0.5
82 25 0.5
83 25 0.5
84 25 0.5
85 25 0.5
86 25 0.5
87 25 0.5
88 25 0.5
89 25 0.5
90 25 0.5
91 25 0.5
92 25 0.5
93 25 0.5
94 25 0.5
95 25 0.5
96 25 0.5
97 25 0.5
98 25 0.5
99 25 0.5
100 25 0.5
1 50 0.5
2 50 0.5
3 50 0.5
4 50 0.5
5 50 0.5
6 50 0.5
7 50 0.5
8 50 0.5
9 50 0.5
10 50 0.5
11 50 0.5
12 50 0.5
13 50 0.5
14 50 0.5
15 50 0.5
16 50 0.5
17 50 0.5
18 50 0.5
19 50 0.5
20 50 0.5
21 50 0.5
22 50 0.5
23 50 0.5
24 50 0.5
25 50 0.5
26 50 0.5
27 50 0.5
28 50 0.5
29 50 0.5
30 50 0.5
31 50 0.5
32 50 0.5
33 50 0.5
34 50 0.5
35 50 0.5
36 50 0.5
37 50 0.5
38 50 0.5
39 50 0.5
40 50 0.5
41 50 0.5
42 50 0.5
43 50 0.5
44 50 0.5
45 50 0.5
46 50 0.5
47 50 0.5
48 50 0.5
49 50 0.5
50 50 0.5
51 50 0.5
52 50 0.5
53 50 0.5
54 50 0.5
55 50 0.5
56 50 0.5
57 50 0.5
58 50 0.5
59 50 0.5
60 50 0.5
61 50 0.5
62 50 0.5
63 50 0.5
64 50 0.5
65 50 0.5
66 50 0.5
67 50 0.5
68 50 0.5
69 50 0.5
70 50 0.5
71 50 0.5
72 50 0.5
73 50 0.5
74 50 0.5
75 50 0.5
76 50 0.5
77 50 0.5
78 50 0.5
79 50 0.5
80 50 0.5
81 50 0.5
82 50 0.5
83 50 0.5
84 50 0.5
85 50 0.5
86 50 0.5
87 50 0.5
88 50 0.5
89 50 0.5
90 50 0.5
91 50 0.5
92 50 0.5
93 50 0.5
94 50 0.5
95 50 0.5
96 50 0.5
97 50 0.5
98 50 0.5
99 50 0.5
100 50 0.5
1 75 0.5
2 75 0.5
3 75 0.5
4 75 0.5
5 75 0.5
6 75 0.5
7 75 0.5
8 75 0.5
9 75 0.5
10 75 0.5
11 75 0.5
12 75 0.5
13 75 0.5
14 75 0.5
15 75 0.5
16 75 0.5
17 75 0.5
18 75 0.5
19 75 0.5
20 75 0.5
21 75 0.5
22 75 0.5
23 75 0.5
24 75 0.5
25 75 0.5
26 75 0.5
27 75 0.5
28 75 0.5
29 75 0.5
30 75 0.5
31 75 0.5
32 75 0.5
33 75 0.5
34 75 0.5
35 75 0.5
36 75 0.5
37 75 0.5
38 75 0.5
39 75 0.5
40 75 0.5
41 75 0.5
42 75 0.5
43 75 0.5
44 75 0.5
45 75 0.5
46 75 0.5
47 75 0.5
48 75 0.5
49 75 0.5
50 75 0.5
51 75 0.5
52 75 0.5
53 75 0.5
54 75 0.5
55 75 0.5
56 75 0.5
57 75 0.5
58 75 0.5
59 75 0.5
60 75 0.5
61 75 0.5
62 75 0.5
63 75 0.5
64 75 0.5
65 75 0.5
66 75 0.5
67 75 0.5
68 75 0.5
69 75 0.5
70 75 0.5
71 75 0.5
72 75 0.5
73 75 0.5
74 75 0.5
75 75 0.5
76 75 0.5
77 75 0.5
78 75 0.5
79 75 0.5
80 75 0.5
81 75 0.5
82 75 0.5
83 75 0.5
84 75 0.5
85 75 0.5
86 75 0.5
87 75 0.5
88 75 0.5
89 75 0.5
90 75 0.5
91 75 0.5
92 75 0.5
93 75 0.5
94 75 0.5
95 75 0.5
96 75 0.5
97 75 0.5
98 75 0.5
99 75 0.5
100 75 0.5
1 100 0.5
2 100 0.5
3 100 0.5
4 100 0.5
5 100 0.5
6 100 0.5
7 100 0.5
8 100 0.5
9 100 0.5
10 100 0.5
11 100 0.5
12 100 0.5
13 100 0.5
14 100 0.5
15 100 0.5
16 100 0.5
17 100 0.5
18 100 0.5
19 100 0.5
20 100 0.5
21 100 0.5
22 100 0.5
23 100 0.5
24 100 0.5
25 100 0.5
26 100 0.5
27 100 0.5
28 100 0.5
29 100 0.5
30 100 0.5
31 100 0.5
32 100 0.5
33 100 0.5
34 100 0.5
35 100 0.5
36 100 0.5
37 100 0.5
38 100 0.5
39 100 0.5
40 100 0.5
41 100 0.5
42 100 0.5
43 100 0.5
44 100 0.5
45 100 0.5
46 100 0.5
47 100 0.5
48 100 0.5
49 100 0.5
50 100 0.5
51 100 0.5
52 100 0.5
53 100 0.5
54 100 0.5
55 100 0.5
56 100 0.5
57 100 0.5
58 100 0.5
59 100 0.5
60 100 0.5
61 100 0.5
62 100 0.5
63 100 0.5
64 100 0.5
65 100 0.5
66 100 0.5
67 100 0.5
68 100 0.5
69 100 0.5
70 100 0.5
71 100 0.5
72 100 0.5
73 100 0.5
74 100 0.5
75 100 0.5
76 100 0.5
77 100 0.5
78 100 0.5
79 100 0.5
80 100 0.5
81 100 0.5
82 100 0.5
83 100 0.5
84 100 0.5
85 100 0.5
86 100 0.5
87 100 0.5
88 100 0.5
89 100 0.5
90 100 0.5
91 100 0.5
92 100 0.5
93 100 0.5
94 100 0.5
95 100 0.5
96 100 0.5
97 100 0.5
98 100 0.5
99 100 0.5
100 100 0.5
