1 5 -10
2 5 -10
3 5 -10
4 5 -10
5 5 -10
6 5 -10
7 5 -10
8 5 -10
9 5 -10
10 5 -10
11 5 -10
12 5 -10
13 5 -10
14 5 -10
15 5 -10
16 5 -10
17 5 -10
18 5 -10
19 5 -10
20 5 -10
21 5 -10
22 5 -10
23 5 -10
24 5 -10
25 5 -10
26 5 -10
27 5 -10
28 5 -10
29 5 -10
30 5 -10
31 5 -10
32 5 -10
33 5 -10
34 5 -10
35 5 -10
36 5 -10
37 5 -10
38 5 -10
39 5 -10
40 5 -10
41 5 -10
42 5 -10
43 5 -10
44 5 -10
45 5 -10
46 5 -10
47 5 -10
48 5 -10
49 5 -10
50 5 -10
51 5 -10
52 5 -10
53 5 -10
54 5 -10
55 5 -10
56 5 -10
57 5 -10
58 5 -10
59 5 -10
60 5 -10
61 5 -10
62 5 -10
63 5 -10
64 5 -10
65 5 -10
66 5 -10
67 5 -10
68 5 -10
69 5 -10
70 5 -10
71 5 -10
72 5 -10
73 5 -10
74 5 -10
75 5 -10
76 5 -10
77 5 -10
78 5 -10
79 5 -10
80 5 -10
81 5 -10
82 5 -10
83 5 -10
84 5 -10
85 5 -10
86 5 -10
87 5 -10
88 5 -10
89 5 -10
90 5 -10
91 5 -10
92 5 -10
93 5 -10
94 5 -10
95 5 -10
96 5 -10
97 5 -10
98 5 -10
99 5 -10
100 5 -10
1 10 -10
2 10 -10
3 10 -10
4 10 -10
5 10 -10
6 10 -10
7 10 -10
8 10 -10
9 10 -10
10 10 -10
11 10 -10
12 10 -10
13 10 -10
14 10 -10
15 10 -10
16 10 -10
17 10 -10
18 10 -10
19 10 -10
20 10 -10
21 10 -10
22 10 -10
23 10 -10
24 10 -10
25 10 -10
26 10 -10
27 10 -10
28 10 -10
29 10 -10
30 10 -10
31 10 -10
32 10 -10
33 10 -10
34 10 -10
35 10 -10
36 10 -10
37 10 -10
38 10 -10
39 10 -10
40 10 -10
41 10 -10
42 10 -10
43 10 -10
44 10 -10
45 10 -10
46 10 -10
47 10 -10
48 10 -10
49 10 -10
50 10 -10
51 10 -10
52 10 -10
53 10 -10
54 10 -10
55 10 -10
56 10 -10
57 10 -10
58 10 -10
59 10 -10
60 10 -10
61 10 -10
62 10 -10
63 10 -10
64 10 -10
65 10 -10
66 10 -10
67 10 -10
68 10 -10
69 10 -10
70 10 -10
71 10 -10
72 10 -10
73 10 -10
74 10 -10
75 10 -10
76 10 -10
77 10 -10
78 10 -10
79 10 -10
80 10 -10
81 10 -10
82 10 -10
83 10 -10
84 10 -10
85 10 -10
86 10 -10
87 10 -10
88 10 -10
89 10 -10
90 10 -10
91 10 -10
92 10 -10
93 10 -10
94 10 -10
95 10 -10
96 10 -10
97 10 -10
98 10 -10
99 10 -10
100 10 -10
1 25 -10
2 25 -10
3 25 -10
4 25 -10
5 25 -10
6 25 -10
7 25 -10
8 25 -10
9 25 -10
10 25 -10
11 25 -10
12 25 -10
13 25 -10
14 25 -10
15 25 -10
16 25 -10
17 25 -10
18 25 -10
19 25 -10
20 25 -10
21 25 -10
22 25 -10
23 25 -10
24 25 -10
25 25 -10
26 25 -10
27 25 -10
28 25 -10
29 25 -10
30 25 -10
31 25 -10
32 25 -10
33 25 -10
34 25 -10
35 25 -10
36 25 -10
37 25 -10
38 25 -10
39 25 -10
40 25 -10
41 25 -10
42 25 -10
43 25 -10
44 25 -10
45 25 -10
46 25 -10
47 25 -10
48 25 -10
49 25 -10
50 25 -10
51 25 -10
52 25 -10
53 25 -10
54 25 -10
55 25 -10
56 25 -10
57 25 -10
58 25 -10
59 25 -10
60 25 -10
61 25 -10
62 25 -10
63 25 -10
64 25 -10
65 25 -10
66 25 -10
67 25 -10
68 25 -10
69 25 -10
70 25 -10
71 25 -10
72 25 -10
73 25 -10
74 25 -10
75 25 -10
76 25 -10
77 25 -10
78 25 -10
79 25 -10
80 25 -10
81 25 -10
82 25 -10
83 25 -10
84 25 -10
85 25 -10
86 25 -10
87 25 -10
88 25 -10
89 25 -10
90 25 -10
91 25 -10
92 25 -10
93 25 -10
94 25 -10
95 25 -10
96 25 -10
97 25 -10
98 25 -10
99 25 -10
100 25 -10
1 50 -10
2 50 -10
3 50 -10
4 50 -10
5 50 -10
6 50 -10
7 50 -10
8 50 -10
9 50 -10
10 50 -10
11 50 -10
12 50 -10
13 50 -10
14 50 -10
15 50 -10
16 50 -10
17 50 -10
18 50 -10
19 50 -10
20 50 -10
21 50 -10
22 50 -10
23 50 -10
24 50 -10
25 50 -10
26 50 -10
27 50 -10
28 50 -10
29 50 -10
30 50 -10
31 50 -10
32 50 -10
33 50 -10
34 50 -10
35 50 -10
36 50 -10
37 50 -10
38 50 -10
39 50 -10
40 50 -10
41 50 -10
42 50 -10
43 50 -10
44 50 -10
45 50 -10
46 50 -10
47 50 -10
48 50 -10
49 50 -10
50 50 -10
51 50 -10
52 50 -10
53 50 -10
54 50 -10
55 50 -10
56 50 -10
57 50 -10
58 50 -10
59 50 -10
60 50 -10
61 50 -10
62 50 -10
63 50 -10
64 50 -10
65 50 -10
66 50 -10
67 50 -10
68 50 -10
69 50 -10
70 50 -10
71 50 -10
72 50 -10
73 50 -10
74 50 -10
75 50 -10
76 50 -10
77 50 -10
78 50 -10
79 50 -10
80 50 -10
81 50 -10
82 50 -10
83 50 -10
84 50 -10
85 50 -10
86 50 -10
87 50 -10
88 50 -10
89 50 -10
90 50 -10
91 50 -10
92 50 -10
93 50 -10
94 50 -10
95 50 -10
96 50 -10
97 50 -10
98 50 -10
99 50 -10
100 50 -10
1 75 -10
2 75 -10
3 75 -10
4 75 -10
5 75 -10
6 75 -10
7 75 -10
8 75 -10
9 75 -10
10 75 -10
11 75 -10
12 75 -10
13 75 -10
14 75 -10
15 75 -10
16 75 -10
17 75 -10
18 75 -10
19 75 -10
20 75 -10
21 75 -10
22 75 -10
23 75 -10
24 75 -10
25 75 -10
26 75 -10
27 75 -10
28 75 -10
29 75 -10
30 75 -10
31 75 -10
32 75 -10
33 75 -10
34 75 -10
35 75 -10
36 75 -10
37 75 -10
38 75 -10
39 75 -10
40 75 -10
41 75 -10
42 75 -10
43 75 -10
44 75 -10
45 75 -10
46 75 -10
47 75 -10
48 75 -10
49 75 -10
50 75 -10
51 75 -10
52 75 -10
53 75 -10
54 75 -10
55 75 -10
56 75 -10
57 75 -10
58 75 -10
59 75 -10
60 75 -10
61 75 -10
62 75 -10
63 75 -10
64 75 -10
65 75 -10
66 75 -10
67 75 -10
68 75 -10
69 75 -10
70 75 -10
71 75 -10
72 75 -10
73 75 -10
74 75 -10
75 75 -10
76 75 -10
77 75 -10
78 75 -10
79 75 -10
80 75 -10
81 75 -10
82 75 -10
83 75 -10
84 75 -10
85 75 -10
86 75 -10
87 75 -10
88 75 -10
89 75 -10
90 75 -10
91 75 -10
92 75 -10
93 75 -10
94 75 -10
95 75 -10
96 75 -10
97 75 -10
98 75 -10
99 75 -10
100 75 -10
1 100 -10
2 100 -10
3 100 -10
4 100 -10
5 100 -10
6 100 -10
7 100 -10
8 100 -10
9 100 -10
10 100 -10
11 100 -10
12 100 -10
13 100 -10
14 100 -10
15 100 -10
16 100 -10
17 100 -10
18 100 -10
19 100 -10
20 100 -10
21 100 -10
22 100 -10
23 100 -10
24 100 -10
25 100 -10
26 100 -10
27 100 -10
28 100 -10
29 100 -10
30 100 -10
31 100 -10
32 100 -10
33 100 -10
34 100 -10
35 100 -10
36 100 -10
37 100 -10
38 100 -10
39 100 -10
40 100 -10
41 100 -10
42 100 -10
43 100 -10
44 100 -10
45 100 -10
46 100 -10
47 100 -10
48 100 -10
49 100 -10
50 100 -10
51 100 -10
52 100 -10
53 100 -10
54 100 -10
55 100 -10
56 100 -10
57 100 -10
58 100 -10
59 100 -10
60 100 -10
61 100 -10
62 100 -10
63 100 -10
64 100 -10
65 100 -10
66 100 -10
67 100 -10
68 100 -10
69 100 -10
70 100 -10
71 100 -10
72 100 -10
73 100 -10
74 100 -10
75 100 -10
76 100 -10
77 100 -10
78 100 -10
79 100 -10
80 100 -10
81 100 -10
82 100 -10
83 100 -10
84 100 -10
85 100 -10
86 100 -10
87 100 -10
88 100 -10
89 100 -10
90 100 -10
91 100 -10
92 100 -10
93 100 -10
94 100 -10
95 100 -10
96 100 -10
97 100 -10
98 100 -10
99 100 -10
100 100 -10
1 5 -4.5
2 5 -4.5
3 5 -4.5
4 5 -4.5
5 5 -4.5
6 5 -4.5
7 5 -4.5
8 5 -4.5
9 5 -4.5
10 5 -4.5
11 5 -4.5
12 5 -4.5
13 5 -4.5
14 5 -4.5
15 5 -4.5
16 5 -4.5
17 5 -4.5
18 5 -4.5
19 5 -4.5
20 5 -4.5
21 5 -4.5
22 5 -4.5
23 5 -4.5
24 5 -4.5
25 5 -4.5
26 5 -4.5
27 5 -4.5
28 5 -4.5
29 5 -4.5
30 5 -4.5
31 5 -4.5
32 5 -4.5
33 5 -4.5
34 5 -4.5
35 5 -4.5
36 5 -4.5
37 5 -4.5
38 5 -4.5
39 5 -4.5
40 5 -4.5
41 5 -4.5
42 5 -4.5
43 5 -4.5
44 5 -4.5
45 5 -4.5
46 5 -4.5
47 5 -4.5
48 5 -4.5
49 5 -4.5
50 5 -4.5
51 5 -4.5
52 5 -4.5
53 5 -4.5
54 5 -4.5
55 5 -4.5
56 5 -4.5
57 5 -4.5
58 5 -4.5
59 5 -4.5
60 5 -4.5
61 5 -4.5
62 5 -4.5
63 5 -4.5
64 5 -4.5
65 5 -4.5
66 5 -4.5
67 5 -4.5
68 5 -4.5
69 5 -4.5
70 5 -4.5
71 5 -4.5
72 5 -4.5
73 5 -4.5
74 5 -4.5
75 5 -4.5
76 5 -4.5
77 5 -4.5
78 5 -4.5
79 5 -4.5
80 5 -4.5
81 5 -4.5
82 5 -4.5
83 5 -4.5
84 5 -4.5
85 5 -4.5
86 5 -4.5
87 5 -4.5
88 5 -4.5
89 5 -4.5
90 5 -4.5
91 5 -4.5
92 5 -4.5
93 5 -4.5
94 5 -4.5
95 5 -4.5
96 5 -4.5
97 5 -4.5
98 5 -4.5
99 5 -4.5
100 5 -4.5
1 10 -4.5
2 10 -4.5
3 10 -4.5
4 10 -4.5
5 10 -4.5
6 10 -4.5
7 10 -4.5
8 10 -4.5
9 10 -4.5
10 10 -4.5
11 10 -4.5
12 10 -4.5
13 10 -4.5
14 10 -4.5
15 10 -4.5
16 10 -4.5
17 10 -4.5
18 10 -4.5
19 10 -4.5
20 10 -4.5
21 10 -4.5
22 10 -4.5
23 10 -4.5
24 10 -4.5
25 10 -4.5
26 10 -4.5
27 10 -4.5
28 10 -4.5
29 10 -4.5
30 10 -4.5
31 10 -4.5
32 10 -4.5
33 10 -4.5
34 10 -4.5
35 10 -4.5
36 10 -4.5
37 10 -4.5
38 10 -4.5
39 10 -4.5
40 10 -4.5
41 10 -4.5
42 10 -4.5
43 10 -4.5
44 10 -4.5
45 10 -4.5
46 10 -4.5
47 10 -4.5
48 10 -4.5
49 10 -4.5
50 10 -4.5
51 10 -4.5
52 10 -4.5
53 10 -4.5
54 10 -4.5
55 10 -4.5
56 10 -4.5
57 10 -4.5
58 10 -4.5
59 10 -4.5
60 10 -4.5
61 10 -4.5
62 10 -4.5
63 10 -4.5
64 10 -4.5
65 10 -4.5
66 10 -4.5
67 10 -4.5
68 10 -4.5
69 10 -4.5
70 10 -4.5
71 10 -4.5
72 10 -4.5
73 10 -4.5
74 10 -4.5
75 10 -4.5
76 10 -4.5
77 10 -4.5
78 10 -4.5
79 10 -4.5
80 10 -4.5
81 10 -4.5
82 10 -4.5
83 10 -4.5
84 10 -4.5
85 10 -4.5
86 10 -4.5
87 10 -4.5
88 10 -4.5
89 10 -4.5
90 10 -4.5
91 10 -4.5
92 10 -4.5
93 10 -4.5
94 10 -4.5
95 10 -4.5
96 10 -4.5
97 10 -4.5
98 10 -4.5
99 10 -4.5
100 10 -4.5
1 25 -4.5
2 25 -4.5
3 25 -4.5
4 25 -4.5
5 25 -4.5
6 25 -4.5
7 25 -4.5
8 25 -4.5
9 25 -4.5
10 25 -4.5
11 25 -4.5
12 25 -4.5
13 25 -4.5
14 25 -4.5
15 25 -4.5
16 25 -4.5
17 25 -4.5
18 25 -4.5
19 25 -4.5
20 25 -4.5
21 25 -4.5
22 25 -4.5
23 25 -4.5
24 25 -4.5
25 25 -4.5
26 25 -4.5
27 25 -4.5
28 25 -4.5
29 25 -4.5
30 25 -4.5
31 25 -4.5
32 25 -4.5
33 25 -4.5
34 25 -4.5
35 25 -4.5
36 25 -4.5
37 25 -4.5
38 25 -4.5
39 25 -4.5
40 25 -4.5
41 25 -4.5
42 25 -4.5
43 25 -4.5
44 25 -4.5
45 25 -4.5
46 25 -4.5
47 25 -4.5
48 25 -4.5
49 25 -4.5
50 25 -4.5
51 25 -4.5
52 25 -4.5
53 25 -4.5
54 25 -4.5
55 25 -4.5
56 25 -4.5
57 25 -4.5
58 25 -4.5
59 25 -4.5
60 25 -4.5
61 25 -4.5
62 25 -4.5
63 25 -4.5
64 25 -4.5
65 25 -4.5
66 25 -4.5
67 25 -4.5
68 25 -4.5
69 25 -4.5
70 25 -4.5
71 25 -4.5
72 25 -4.5
73 25 -4.5
74 25 -4.5
75 25 -4.5
76 25 -4.5
77 25 -4.5
78 25 -4.5
79 25 -4.5
80 25 -4.5
81 25 -4.5
82 25 -4.5
83 25 -4.5
84 25 -4.5
85 25 -4.5
86 25 -4.5
87 25 -4.5
88 25 -4.5
89 25 -4.5
90 25 -4.5
91 25 -4.5
92 25 -4.5
93 25 -4.5
94 25 -4.5
95 25 -4.5
96 25 -4.5
97 25 -4.5
98 25 -4.5
99 25 -4.5
100 25 -4.5
1 50 -4.5
2 50 -4.5
3 50 -4.5
4 50 -4.5
5 50 -4.5
6 50 -4.5
7 50 -4.5
8 50 -4.5
9 50 -4.5
10 50 -4.5
11 50 -4.5
12 50 -4.5
13 50 -4.5
14 50 -4.5
15 50 -4.5
16 50 -4.5
17 50 -4.5
18 50 -4.5
19 50 -4.5
20 50 -4.5
21 50 -4.5
22 50 -4.5
23 50 -4.5
24 50 -4.5
25 50 -4.5
26 50 -4.5
27 50 -4.5
28 50 -4.5
29 50 -4.5
30 50 -4.5
31 50 -4.5
32 50 -4.5
33 50 -4.5
34 50 -4.5
35 50 -4.5
36 50 -4.5
37 50 -4.5
38 50 -4.5
39 50 -4.5
40 50 -4.5
41 50 -4.5
42 50 -4.5
43 50 -4.5
44 50 -4.5
45 50 -4.5
46 50 -4.5
47 50 -4.5
48 50 -4.5
49 50 -4.5
50 50 -4.5
51 50 -4.5
52 50 -4.5
53 50 -4.5
54 50 -4.5
55 50 -4.5
56 50 -4.5
57 50 -4.5
58 50 -4.5
59 50 -4.5
60 50 -4.5
61 50 -4.5
62 50 -4.5
63 50 -4.5
64 50 -4.5
65 50 -4.5
66 50 -4.5
67 50 -4.5
68 50 -4.5
69 50 -4.5
70 50 -4.5
71 50 -4.5
72 50 -4.5
73 50 -4.5
74 50 -4.5
75 50 -4.5
76 50 -4.5
77 50 -4.5
78 50 -4.5
79 50 -4.5
80 50 -4.5
81 50 -4.5
82 50 -4.5
83 50 -4.5
84 50 -4.5
85 50 -4.5
86 50 -4.5
87 50 -4.5
88 50 -4.5
89 50 -4.5
90 50 -4.5
91 50 -4.5
92 50 -4.5
93 50 -4.5
94 50 -4.5
95 50 -4.5
96 50 -4.5
97 50 -4.5
98 50 -4.5
99 50 -4.5
100 50 -4.5
1 75 -4.5
2 75 -4.5
3 75 -4.5
4 75 -4.5
5 75 -4.5
6 75 -4.5
7 75 -4.5
8 75 -4.5
9 75 -4.5
10 75 -4.5
11 75 -4.5
12 75 -4.5
13 75 -4.5
14 75 -4.5
15 75 -4.5
16 75 -4.5
17 75 -4.5
18 75 -4.5
19 75 -4.5
20 75 -4.5
21 75 -4.5
22 75 -4.5
23 75 -4.5
24 75 -4.5
25 75 -4.5
26 75 -4.5
27 75 -4.5
28 75 -4.5
29 75 -4.5
30 75 -4.5
31 75 -4.5
32 75 -4.5
33 75 -4.5
34 75 -4.5
35 75 -4.5
36 75 -4.5
37 75 -4.5
38 75 -4.5
39 75 -4.5
40 75 -4.5
41 75 -4.5
42 75 -4.5
43 75 -4.5
44 75 -4.5
45 75 -4.5
46 75 -4.5
47 75 -4.5
48 75 -4.5
49 75 -4.5
50 75 -4.5
51 75 -4.5
52 75 -4.5
53 75 -4.5
54 75 -4.5
55 75 -4.5
56 75 -4.5
57 75 -4.5
58 75 -4.5
59 75 -4.5
60 75 -4.5
61 75 -4.5
62 75 -4.5
63 75 -4.5
64 75 -4.5
65 75 -4.5
66 75 -4.5
67 75 -4.5
68 75 -4.5
69 75 -4.5
70 75 -4.5
71 75 -4.5
72 75 -4.5
73 75 -4.5
74 75 -4.5
75 75 -4.5
76 75 -4.5
77 75 -4.5
78 75 -4.5
79 75 -4.5
80 75 -4.5
81 75 -4.5
82 75 -4.5
83 75 -4.5
84 75 -4.5
85 75 -4.5
86 75 -4.5
87 75 -4.5
88 75 -4.5
89 75 -4.5
90 75 -4.5
91 75 -4.5
92 75 -4.5
93 75 -4.5
94 75 -4.5
95 75 -4.5
96 75 -4.5
97 75 -4.5
98 75 -4.5
99 75 -4.5
100 75 -4.5
1 100 -4.5
2 100 -4.5
3 100 -4.5
4 100 -4.5
5 100 -4.5
6 100 -4.5
7 100 -4.5
8 100 -4.5
9 100 -4.5
10 100 -4.5
11 100 -4.5
12 100 -4.5
13 100 -4.5
14 100 -4.5
15 100 -4.5
16 100 -4.5
17 100 -4.5
18 100 -4.5
19 100 -4.5
20 100 -4.5
21 100 -4.5
22 100 -4.5
23 100 -4.5
24 100 -4.5
25 100 -4.5
26 100 -4.5
27 100 -4.5
28 100 -4.5
29 100 -4.5
30 100 -4.5
31 100 -4.5
32 100 -4.5
33 100 -4.5
34 100 -4.5
35 100 -4.5
36 100 -4.5
37 100 -4.5
38 100 -4.5
39 100 -4.5
40 100 -4.5
41 100 -4.5
42 100 -4.5
43 100 -4.5
44 100 -4.5
45 100 -4.5
46 100 -4.5
47 100 -4.5
48 100 -4.5
49 100 -4.5
50 100 -4.5
51 100 -4.5
52 100 -4.5
53 100 -4.5
54 100 -4.5
55 100 -4.5
56 100 -4.5
57 100 -4.5
58 100 -4.5
59 100 -4.5
60 100 -4.5
61 100 -4.5
62 100 -4.5
63 100 -4.5
64 100 -4.5
65 100 -4.5
66 100 -4.5
67 100 -4.5
68 100 -4.5
69 100 -4.5
70 100 -4.5
71 100 -4.5
72 100 -4.5
73 100 -4.5
74 100 -4.5
75 100 -4.5
76 100 -4.5
77 100 -4.5
78 100 -4.5
79 100 -4.5
80 100 -4.5
81 100 -4.5
82 100 -4.5
83 100 -4.5
84 100 -4.5
85 100 -4.5
86 100 -4.5
87 100 -4.5
88 100 -4.5
89 100 -4.5
90 100 -4.5
91 100 -4.5
92 100 -4.5
93 100 -4.5
94 100 -4.5
95 100 -4.5
96 100 -4.5
97 100 -4.5
98 100 -4.5
99 100 -4.5
100 100 -4.5
1 5 -2
2 5 -2
3 5 -2
4 5 -2
5 5 -2
6 5 -2
7 5 -2
8 5 -2
9 5 -2
10 5 -2
11 5 -2
12 5 -2
13 5 -2
14 5 -2
15 5 -2
16 5 -2
17 5 -2
18 5 -2
19 5 -2
20 5 -2
21 5 -2
22 5 -2
23 5 -2
24 5 -2
25 5 -2
26 5 -2
27 5 -2
28 5 -2
29 5 -2
30 5 -2
31 5 -2
32 5 -2
33 5 -2
34 5 -2
35 5 -2
36 5 -2
37 5 -2
38 5 -2
39 5 -2
40 5 -2
41 5 -2
42 5 -2
43 5 -2
44 5 -2
45 5 -2
46 5 -2
47 5 -2
48 5 -2
49 5 -2
50 5 -2
51 5 -2
52 5 -2
53 5 -2
54 5 -2
55 5 -2
56 5 -2
57 5 -2
58 5 -2
59 5 -2
60 5 -2
61 5 -2
62 5 -2
63 5 -2
64 5 -2
65 5 -2
66 5 -2
67 5 -2
68 5 -2
69 5 -2
70 5 -2
71 5 -2
72 5 -2
73 5 -2
74 5 -2
75 5 -2
76 5 -2
77 5 -2
78 5 -2
79 5 -2
80 5 -2
81 5 -2
82 5 -2
83 5 -2
84 5 -2
85 5 -2
86 5 -2
87 5 -2
88 5 -2
89 5 -2
90 5 -2
91 5 -2
92 5 -2
93 5 -2
94 5 -2
95 5 -2
96 5 -2
97 5 -2
98 5 -2
99 5 -2
100 5 -2
1 10 -2
2 10 -2
3 10 -2
4 10 -2
5 10 -2
6 10 -2
7 10 -2
8 10 -2
9 10 -2
10 10 -2
11 10 -2
12 10 -2
13 10 -2
14 10 -2
15 10 -2
16 10 -2
17 10 -2
18 10 -2
19 10 -2
20 10 -2
21 10 -2
22 10 -2
23 10 -2
24 10 -2
25 10 -2
26 10 -2
27 10 -2
28 10 -2
29 10 -2
30 10 -2
31 10 -2
32 10 -2
33 10 -2
34 10 -2
35 10 -2
36 10 -2
37 10 -2
38 10 -2
39 10 -2
40 10 -2
41 10 -2
42 10 -2
43 10 -2
44 10 -2
45 10 -2
46 10 -2
47 10 -2
48 10 -2
49 10 -2
50 10 -2
51 10 -2
52 10 -2
53 10 -2
54 10 -2
55 10 -2
56 10 -2
57 10 -2
58 10 -2
59 10 -2
60 10 -2
61 10 -2
62 10 -2
63 10 -2
64 10 -2
65 10 -2
66 10 -2
67 10 -2
68 10 -2
69 10 -2
70 10 -2
71 10 -2
72 10 -2
73 10 -2
74 10 -2
75 10 -2
76 10 -2
77 10 -2
78 10 -2
79 10 -2
80 10 -2
81 10 -2
82 10 -2
83 10 -2
84 10 -2
85 10 -2
86 10 -2
87 10 -2
88 10 -2
89 10 -2
90 10 -2
91 10 -2
92 10 -2
93 10 -2
94 10 -2
95 10 -2
96 10 -2
97 10 -2
98 10 -2
99 10 -2
100 10 -2
1 25 -2
2 25 -2
3 25 -2
4 25 -2
5 25 -2
6 25 -2
7 25 -2
8 25 -2
9 25 -2
10 25 -2
11 25 -2
12 25 -2
13 25 -2
14 25 -2
15 25 -2
16 25 -2
17 25 -2
18 25 -2
19 25 -2
20 25 -2
21 25 -2
22 25 -2
23 25 -2
24 25 -2
25 25 -2
26 25 -2
27 25 -2
28 25 -2
29 25 -2
30 25 -2
31 25 -2
32 25 -2
33 25 -2
34 25 -2
35 25 -2
36 25 -2
37 25 -2
38 25 -2
39 25 -2
40 25 -2
41 25 -2
42 25 -2
43 25 -2
44 25 -2
45 25 -2
46 25 -2
47 25 -2
48 25 -2
49 25 -2
50 25 -2
51 25 -2
52 25 -2
53 25 -2
54 25 -2
55 25 -2
56 25 -2
57 25 -2
58 25 -2
59 25 -2
60 25 -2
61 25 -2
62 25 -2
63 25 -2
64 25 -2
65 25 -2
66 25 -2
67 25 -2
68 25 -2
69 25 -2
70 25 -2
71 25 -2
72 25 -2
73 25 -2
74 25 -2
75 25 -2
76 25 -2
77 25 -2
78 25 -2
79 25 -2
80 25 -2
81 25 -2
82 25 -2
83 25 -2
84 25 -2
85 25 -2
86 25 -2
87 25 -2
88 25 -2
89 25 -2
90 25 -2
91 25 -2
92 25 -2
93 25 -2
94 25 -2
95 25 -2
96 25 -2
97 25 -2
98 25 -2
99 25 -2
100 25 -2
1 50 -2
2 50 -2
3 50 -2
4 50 -2
5 50 -2
6 50 -2
7 50 -2
8 50 -2
9 50 -2
10 50 -2
11 50 -2
12 50 -2
13 50 -2
14 50 -2
15 50 -2
16 50 -2
17 50 -2
18 50 -2
19 50 -2
20 50 -2
21 50 -2
22 50 -2
23 50 -2
24 50 -2
25 50 -2
26 50 -2
27 50 -2
28 50 -2
29 50 -2
30 50 -2
31 50 -2
32 50 -2
33 50 -2
34 50 -2
35 50 -2
36 50 -2
37 50 -2
38 50 -2
39 50 -2
40 50 -2
41 50 -2
42 50 -2
43 50 -2
44 50 -2
45 50 -2
46 50 -2
47 50 -2
48 50 -2
49 50 -2
50 50 -2
51 50 -2
52 50 -2
53 50 -2
54 50 -2
55 50 -2
56 50 -2
57 50 -2
58 50 -2
59 50 -2
60 50 -2
61 50 -2
62 50 -2
63 50 -2
64 50 -2
65 50 -2
66 50 -2
67 50 -2
68 50 -2
69 50 -2
70 50 -2
71 50 -2
72 50 -2
73 50 -2
74 50 -2
75 50 -2
76 50 -2
77 50 -2
78 50 -2
79 50 -2
80 50 -2
81 50 -2
82 50 -2
83 50 -2
84 50 -2
85 50 -2
86 50 -2
87 50 -2
88 50 -2
89 50 -2
90 50 -2
91 50 -2
92 50 -2
93 50 -2
94 50 -2
95 50 -2
96 50 -2
97 50 -2
98 50 -2
99 50 -2
100 50 -2
1 75 -2
2 75 -2
3 75 -2
4 75 -2
5 75 -2
6 75 -2
7 75 -2
8 75 -2
9 75 -2
10 75 -2
11 75 -2
12 75 -2
13 75 -2
14 75 -2
15 75 -2
16 75 -2
17 75 -2
18 75 -2
19 75 -2
20 75 -2
21 75 -2
22 75 -2
23 75 -2
24 75 -2
25 75 -2
26 75 -2
27 75 -2
28 75 -2
29 75 -2
30 75 -2
31 75 -2
32 75 -2
33 75 -2
34 75 -2
35 75 -2
36 75 -2
37 75 -2
38 75 -2
39 75 -2
40 75 -2
41 75 -2
42 75 -2
43 75 -2
44 75 -2
45 75 -2
46 75 -2
47 75 -2
48 75 -2
49 75 -2
50 75 -2
51 75 -2
52 75 -2
53 75 -2
54 75 -2
55 75 -2
56 75 -2
57 75 -2
58 75 -2
59 75 -2
60 75 -2
61 75 -2
62 75 -2
63 75 -2
64 75 -2
65 75 -2
66 75 -2
67 75 -2
68 75 -2
69 75 -2
70 75 -2
71 75 -2
72 75 -2
73 75 -2
74 75 -2
75 75 -2
76 75 -2
77 75 -2
78 75 -2
79 75 -2
80 75 -2
81 75 -2
82 75 -2
83 75 -2
84 75 -2
85 75 -2
86 75 -2
87 75 -2
88 75 -2
89 75 -2
90 75 -2
91 75 -2
92 75 -2
93 75 -2
94 75 -2
95 75 -2
96 75 -2
97 75 -2
98 75 -2
99 75 -2
100 75 -2
1 100 -2
2 100 -2
3 100 -2
4 100 -2
5 100 -2
6 100 -2
7 100 -2
8 100 -2
9 100 -2
10 100 -2
11 100 -2
12 100 -2
13 100 -2
14 100 -2
15 100 -2
16 100 -2
17 100 -2
18 100 -2
19 100 -2
20 100 -2
21 100 -2
22 100 -2
23 100 -2
24 100 -2
25 100 -2
26 100 -2
27 100 -2
28 100 -2
29 100 -2
30 100 -2
31 100 -2
32 100 -2
33 100 -2
34 100 -2
35 100 -2
36 100 -2
37 100 -2
38 100 -2
39 100 -2
40 100 -2
41 100 -2
42 100 -2
43 100 -2
44 100 -2
45 100 -2
46 100 -2
47 100 -2
48 100 -2
49 100 -2
50 100 -2
51 100 -2
52 100 -2
53 100 -2
54 100 -2
55 100 -2
56 100 -2
57 100 -2
58 100 -2
59 100 -2
60 100 -2
61 100 -2
62 100 -2
63 100 -2
64 100 -2
65 100 -2
66 100 -2
67 100 -2
68 100 -2
69 100 -2
70 100 -2
71 100 -2
72 100 -2
73 100 -2
74 100 -2
75 100 -2
76 100 -2
77 100 -2
78 100 -2
79 100 -2
80 100 -2
81 100 -2
82 100 -2
83 100 -2
84 100 -2
85 100 -2
86 100 -2
87 100 -2
88 100 -2
89 100 -2
90 100 -2
91 100 -2
92 100 -2
93 100 -2
94 100 -2
95 100 -2
96 100 -2
97 100 -2
98 100 -2
99 100 -2
100 100 -2
1 5 -1.16666666666667
2 5 -1.16666666666667
3 5 -1.16666666666667
4 5 -1.16666666666667
5 5 -1.16666666666667
6 5 -1.16666666666667
7 5 -1.16666666666667
8 5 -1.16666666666667
9 5 -1.16666666666667
10 5 -1.16666666666667
11 5 -1.16666666666667
12 5 -1.16666666666667
13 5 -1.16666666666667
14 5 -1.16666666666667
15 5 -1.16666666666667
16 5 -1.16666666666667
17 5 -1.16666666666667
18 5 -1.16666666666667
19 5 -1.16666666666667
20 5 -1.16666666666667
21 5 -1.16666666666667
22 5 -1.16666666666667
23 5 -1.16666666666667
24 5 -1.16666666666667
25 5 -1.16666666666667
26 5 -1.16666666666667
27 5 -1.16666666666667
28 5 -1.16666666666667
29 5 -1.16666666666667
30 5 -1.16666666666667
31 5 -1.16666666666667
32 5 -1.16666666666667
33 5 -1.16666666666667
34 5 -1.16666666666667
35 5 -1.16666666666667
36 5 -1.16666666666667
37 5 -1.16666666666667
38 5 -1.16666666666667
39 5 -1.16666666666667
40 5 -1.16666666666667
41 5 -1.16666666666667
42 5 -1.16666666666667
43 5 -1.16666666666667
44 5 -1.16666666666667
45 5 -1.16666666666667
46 5 -1.16666666666667
47 5 -1.16666666666667
48 5 -1.16666666666667
49 5 -1.16666666666667
50 5 -1.16666666666667
51 5 -1.16666666666667
52 5 -1.16666666666667
53 5 -1.16666666666667
54 5 -1.16666666666667
55 5 -1.16666666666667
56 5 -1.16666666666667
57 5 -1.16666666666667
58 5 -1.16666666666667
59 5 -1.16666666666667
60 5 -1.16666666666667
61 5 -1.16666666666667
62 5 -1.16666666666667
63 5 -1.16666666666667
64 5 -1.16666666666667
65 5 -1.16666666666667
66 5 -1.16666666666667
67 5 -1.16666666666667
68 5 -1.16666666666667
69 5 -1.16666666666667
70 5 -1.16666666666667
71 5 -1.16666666666667
72 5 -1.16666666666667
73 5 -1.16666666666667
74 5 -1.16666666666667
75 5 -1.16666666666667
76 5 -1.16666666666667
77 5 -1.16666666666667
78 5 -1.16666666666667
79 5 -1.16666666666667
80 5 -1.16666666666667
81 5 -1.16666666666667
82 5 -1.16666666666667
83 5 -1.16666666666667
84 5 -1.16666666666667
85 5 -1.16666666666667
86 5 -1.16666666666667
87 5 -1.16666666666667
88 5 -1.16666666666667
89 5 -1.16666666666667
90 5 -1.16666666666667
91 5 -1.16666666666667
92 5 -1.16666666666667
93 5 -1.16666666666667
94 5 -1.16666666666667
95 5 -1.16666666666667
96 5 -1.16666666666667
97 5 -1.16666666666667
98 5 -1.16666666666667
99 5 -1.16666666666667
100 5 -1.16666666666667
1 10 -1.16666666666667
2 10 -1.16666666666667
3 10 -1.16666666666667
4 10 -1.16666666666667
5 10 -1.16666666666667
6 10 -1.16666666666667
7 10 -1.16666666666667
8 10 -1.16666666666667
9 10 -1.16666666666667
10 10 -1.16666666666667
11 10 -1.16666666666667
12 10 -1.16666666666667
13 10 -1.16666666666667
14 10 -1.16666666666667
15 10 -1.16666666666667
16 10 -1.16666666666667
17 10 -1.16666666666667
18 10 -1.16666666666667
19 10 -1.16666666666667
20 10 -1.16666666666667
21 10 -1.16666666666667
22 10 -1.16666666666667
23 10 -1.16666666666667
24 10 -1.16666666666667
25 10 -1.16666666666667
26 10 -1.16666666666667
27 10 -1.16666666666667
28 10 -1.16666666666667
29 10 -1.16666666666667
30 10 -1.16666666666667
31 10 -1.16666666666667
32 10 -1.16666666666667
33 10 -1.16666666666667
34 10 -1.16666666666667
35 10 -1.16666666666667
36 10 -1.16666666666667
37 10 -1.16666666666667
38 10 -1.16666666666667
39 10 -1.16666666666667
40 10 -1.16666666666667
41 10 -1.16666666666667
42 10 -1.16666666666667
43 10 -1.16666666666667
44 10 -1.16666666666667
45 10 -1.16666666666667
46 10 -1.16666666666667
47 10 -1.16666666666667
48 10 -1.16666666666667
49 10 -1.16666666666667
50 10 -1.16666666666667
51 10 -1.16666666666667
52 10 -1.16666666666667
53 10 -1.16666666666667
54 10 -1.16666666666667
55 10 -1.16666666666667
56 10 -1.16666666666667
57 10 -1.16666666666667
58 10 -1.16666666666667
59 10 -1.16666666666667
60 10 -1.16666666666667
61 10 -1.16666666666667
62 10 -1.16666666666667
63 10 -1.16666666666667
64 10 -1.16666666666667
65 10 -1.16666666666667
66 10 -1.16666666666667
67 10 -1.16666666666667
68 10 -1.16666666666667
69 10 -1.16666666666667
70 10 -1.16666666666667
71 10 -1.16666666666667
72 10 -1.16666666666667
73 10 -1.16666666666667
74 10 -1.16666666666667
75 10 -1.16666666666667
76 10 -1.16666666666667
77 10 -1.16666666666667
78 10 -1.16666666666667
79 10 -1.16666666666667
80 10 -1.16666666666667
81 10 -1.16666666666667
82 10 -1.16666666666667
83 10 -1.16666666666667
84 10 -1.16666666666667
85 10 -1.16666666666667
86 10 -1.16666666666667
87 10 -1.16666666666667
88 10 -1.16666666666667
89 10 -1.16666666666667
90 10 -1.16666666666667
91 10 -1.16666666666667
92 10 -1.16666666666667
93 10 -1.16666666666667
94 10 -1.16666666666667
95 10 -1.16666666666667
96 10 -1.16666666666667
97 10 -1.16666666666667
98 10 -1.16666666666667
99 10 -1.16666666666667
100 10 -1.16666666666667
1 25 -1.16666666666667
2 25 -1.16666666666667
3 25 -1.16666666666667
4 25 -1.16666666666667
5 25 -1.16666666666667
6 25 -1.16666666666667
7 25 -1.16666666666667
8 25 -1.16666666666667
9 25 -1.16666666666667
10 25 -1.16666666666667
11 25 -1.16666666666667
12 25 -1.16666666666667
13 25 -1.16666666666667
14 25 -1.16666666666667
15 25 -1.16666666666667
16 25 -1.16666666666667
17 25 -1.16666666666667
18 25 -1.16666666666667
19 25 -1.16666666666667
20 25 -1.16666666666667
21 25 -1.16666666666667
22 25 -1.16666666666667
23 25 -1.16666666666667
24 25 -1.16666666666667
25 25 -1.16666666666667
26 25 -1.16666666666667
27 25 -1.16666666666667
28 25 -1.16666666666667
29 25 -1.16666666666667
30 25 -1.16666666666667
31 25 -1.16666666666667
32 25 -1.16666666666667
33 25 -1.16666666666667
34 25 -1.16666666666667
35 25 -1.16666666666667
36 25 -1.16666666666667
37 25 -1.16666666666667
38 25 -1.16666666666667
39 25 -1.16666666666667
40 25 -1.16666666666667
41 25 -1.16666666666667
42 25 -1.16666666666667
43 25 -1.16666666666667
44 25 -1.16666666666667
45 25 -1.16666666666667
46 25 -1.16666666666667
47 25 -1.16666666666667
48 25 -1.16666666666667
49 25 -1.16666666666667
50 25 -1.16666666666667
51 25 -1.16666666666667
52 25 -1.16666666666667
53 25 -1.16666666666667
54 25 -1.16666666666667
55 25 -1.16666666666667
56 25 -1.16666666666667
57 25 -1.16666666666667
58 25 -1.16666666666667
59 25 -1.16666666666667
60 25 -1.16666666666667
61 25 -1.16666666666667
62 25 -1.16666666666667
63 25 -1.16666666666667
64 25 -1.16666666666667
65 25 -1.16666666666667
66 25 -1.16666666666667
67 25 -1.16666666666667
68 25 -1.16666666666667
69 25 -1.16666666666667
70 25 -1.16666666666667
71 25 -1.16666666666667
72 25 -1.16666666666667
73 25 -1.16666666666667
74 25 -1.16666666666667
75 25 -1.16666666666667
76 25 -1.16666666666667
77 25 -1.16666666666667
78 25 -1.16666666666667
79 25 -1.16666666666667
80 25 -1.16666666666667
81 25 -1.16666666666667
82 25 -1.16666666666667
83 25 -1.16666666666667
84 25 -1.16666666666667
85 25 -1.16666666666667
86 25 -1.16666666666667
87 25 -1.16666666666667
88 25 -1.16666666666667
89 25 -1.16666666666667
90 25 -1.16666666666667
91 25 -1.16666666666667
92 25 -1.16666666666667
93 25 -1.16666666666667
94 25 -1.16666666666667
95 25 -1.16666666666667
96 25 -1.16666666666667
97 25 -1.16666666666667
98 25 -1.16666666666667
99 25 -1.16666666666667
100 25 -1.16666666666667
1 50 -1.16666666666667
2 50 -1.16666666666667
3 50 -1.16666666666667
4 50 -1.16666666666667
5 50 -1.16666666666667
6 50 -1.16666666666667
7 50 -1.16666666666667
8 50 -1.16666666666667
9 50 -1.16666666666667
10 50 -1.16666666666667
11 50 -1.16666666666667
12 50 -1.16666666666667
13 50 -1.16666666666667
14 50 -1.16666666666667
15 50 -1.16666666666667
16 50 -1.16666666666667
17 50 -1.16666666666667
18 50 -1.16666666666667
19 50 -1.16666666666667
20 50 -1.16666666666667
21 50 -1.16666666666667
22 50 -1.16666666666667
23 50 -1.16666666666667
24 50 -1.16666666666667
25 50 -1.16666666666667
26 50 -1.16666666666667
27 50 -1.16666666666667
28 50 -1.16666666666667
29 50 -1.16666666666667
30 50 -1.16666666666667
31 50 -1.16666666666667
32 50 -1.16666666666667
33 50 -1.16666666666667
34 50 -1.16666666666667
35 50 -1.16666666666667
36 50 -1.16666666666667
37 50 -1.16666666666667
38 50 -1.16666666666667
39 50 -1.16666666666667
40 50 -1.16666666666667
41 50 -1.16666666666667
42 50 -1.16666666666667
43 50 -1.16666666666667
44 50 -1.16666666666667
45 50 -1.16666666666667
46 50 -1.16666666666667
47 50 -1.16666666666667
48 50 -1.16666666666667
49 50 -1.16666666666667
50 50 -1.16666666666667
51 50 -1.16666666666667
52 50 -1.16666666666667
53 50 -1.16666666666667
54 50 -1.16666666666667
55 50 -1.16666666666667
56 50 -1.16666666666667
57 50 -1.16666666666667
58 50 -1.16666666666667
59 50 -1.16666666666667
60 50 -1.16666666666667
61 50 -1.16666666666667
62 50 -1.16666666666667
63 50 -1.16666666666667
64 50 -1.16666666666667
65 50 -1.16666666666667
66 50 -1.16666666666667
67 50 -1.16666666666667
68 50 -1.16666666666667
69 50 -1.16666666666667
70 50 -1.16666666666667
71 50 -1.16666666666667
72 50 -1.16666666666667
73 50 -1.16666666666667
74 50 -1.16666666666667
75 50 -1.16666666666667
76 50 -1.16666666666667
77 50 -1.16666666666667
78 50 -1.16666666666667
79 50 -1.16666666666667
80 50 -1.16666666666667
81 50 -1.16666666666667
82 50 -1.16666666666667
83 50 -1.16666666666667
84 50 -1.16666666666667
85 50 -1.16666666666667
86 50 -1.16666666666667
87 50 -1.16666666666667
88 50 -1.16666666666667
89 50 -1.16666666666667
90 50 -1.16666666666667
91 50 -1.16666666666667
92 50 -1.16666666666667
93 50 -1.16666666666667
94 50 -1.16666666666667
95 50 -1.16666666666667
96 50 -1.16666666666667
97 50 -1.16666666666667
98 50 -1.16666666666667
99 50 -1.16666666666667
100 50 -1.16666666666667
1 75 -1.16666666666667
2 75 -1.16666666666667
3 75 -1.16666666666667
4 75 -1.16666666666667
5 75 -1.16666666666667
6 75 -1.16666666666667
7 75 -1.16666666666667
8 75 -1.16666666666667
9 75 -1.16666666666667
10 75 -1.16666666666667
11 75 -1.16666666666667
12 75 -1.16666666666667
13 75 -1.16666666666667
14 75 -1.16666666666667
15 75 -1.16666666666667
16 75 -1.16666666666667
17 75 -1.16666666666667
18 75 -1.16666666666667
19 75 -1.16666666666667
20 75 -1.16666666666667
21 75 -1.16666666666667
22 75 -1.16666666666667
23 75 -1.16666666666667
24 75 -1.16666666666667
25 75 -1.16666666666667
26 75 -1.16666666666667
27 75 -1.16666666666667
28 75 -1.16666666666667
29 75 -1.16666666666667
30 75 -1.16666666666667
31 75 -1.16666666666667
32 75 -1.16666666666667
33 75 -1.16666666666667
34 75 -1.16666666666667
35 75 -1.16666666666667
36 75 -1.16666666666667
37 75 -1.16666666666667
38 75 -1.16666666666667
39 75 -1.16666666666667
40 75 -1.16666666666667
41 75 -1.16666666666667
42 75 -1.16666666666667
43 75 -1.16666666666667
44 75 -1.16666666666667
45 75 -1.16666666666667
46 75 -1.16666666666667
47 75 -1.16666666666667
48 75 -1.16666666666667
49 75 -1.16666666666667
50 75 -1.16666666666667
51 75 -1.16666666666667
52 75 -1.16666666666667
53 75 -1.16666666666667
54 75 -1.16666666666667
55 75 -1.16666666666667
56 75 -1.16666666666667
57 75 -1.16666666666667
58 75 -1.16666666666667
59 75 -1.16666666666667
60 75 -1.16666666666667
61 75 -1.16666666666667
62 75 -1.16666666666667
63 75 -1.16666666666667
64 75 -1.16666666666667
65 75 -1.16666666666667
66 75 -1.16666666666667
67 75 -1.16666666666667
68 75 -1.16666666666667
69 75 -1.16666666666667
70 75 -1.16666666666667
71 75 -1.16666666666667
72 75 -1.16666666666667
73 75 -1.16666666666667
74 75 -1.16666666666667
75 75 -1.16666666666667
76 75 -1.16666666666667
77 75 -1.16666666666667
78 75 -1.16666666666667
79 75 -1.16666666666667
80 75 -1.16666666666667
81 75 -1.16666666666667
82 75 -1.16666666666667
83 75 -1.16666666666667
84 75 -1.16666666666667
85 75 -1.16666666666667
86 75 -1.16666666666667
87 75 -1.16666666666667
88 75 -1.16666666666667
89 75 -1.16666666666667
90 75 -1.16666666666667
91 75 -1.16666666666667
92 75 -1.16666666666667
93 75 -1.16666666666667
94 75 -1.16666666666667
95 75 -1.16666666666667
96 75 -1.16666666666667
97 75 -1.16666666666667
98 75 -1.16666666666667
99 75 -1.16666666666667
100 75 -1.16666666666667
1 100 -1.16666666666667
2 100 -1.16666666666667
3 100 -1.16666666666667
4 100 -1.16666666666667
5 100 -1.16666666666667
6 100 -1.16666666666667
7 100 -1.16666666666667
8 100 -1.16666666666667
9 100 -1.16666666666667
10 100 -1.16666666666667
11 100 -1.16666666666667
12 100 -1.16666666666667
13 100 -1.16666666666667
14 100 -1.16666666666667
15 100 -1.16666666666667
16 100 -1.16666666666667
17 100 -1.16666666666667
18 100 -1.16666666666667
19 100 -1.16666666666667
20 100 -1.16666666666667
21 100 -1.16666666666667
22 100 -1.16666666666667
23 100 -1.16666666666667
24 100 -1.16666666666667
25 100 -1.16666666666667
26 100 -1.16666666666667
27 100 -1.16666666666667
28 100 -1.16666666666667
29 100 -1.16666666666667
30 100 -1.16666666666667
31 100 -1.16666666666667
32 100 -1.16666666666667
33 100 -1.16666666666667
34 100 -1.16666666666667
35 100 -1.16666666666667
36 100 -1.16666666666667
37 100 -1.16666666666667
38 100 -1.16666666666667
39 100 -1.16666666666667
40 100 -1.16666666666667
41 100 -1.16666666666667
42 100 -1.16666666666667
43 100 -1.16666666666667
44 100 -1.16666666666667
45 100 -1.16666666666667
46 100 -1.16666666666667
47 100 -1.16666666666667
48 100 -1.16666666666667
49 100 -1.16666666666667
50 100 -1.16666666666667
51 100 -1.16666666666667
52 100 -1.16666666666667
53 100 -1.16666666666667
54 100 -1.16666666666667
55 100 -1.16666666666667
56 100 -1.16666666666667
57 100 -1.16666666666667
58 100 -1.16666666666667
59 100 -1.16666666666667
60 100 -1.16666666666667
61 100 -1.16666666666667
62 100 -1.16666666666667
63 100 -1.16666666666667
64 100 -1.16666666666667
65 100 -1.16666666666667
66 100 -1.16666666666667
67 100 -1.16666666666667
68 100 -1.16666666666667
69 100 -1.16666666666667
70 100 -1.16666666666667
71 100 -1.16666666666667
72 100 -1.16666666666667
73 100 -1.16666666666667
74 100 -1.16666666666667
75 100 -1.16666666666667
76 100 -1.16666666666667
77 100 -1.16666666666667
78 100 -1.16666666666667
79 100 -1.16666666666667
80 100 -1.16666666666667
81 100 -1.16666666666667
82 100 -1.16666666666667
83 100 -1.16666666666667
84 100 -1.16666666666667
85 100 -1.16666666666667
86 100 -1.16666666666667
87 100 -1.16666666666667
88 100 -1.16666666666667
89 100 -1.16666666666667
90 100 -1.16666666666667
91 100 -1.16666666666667
92 100 -1.16666666666667
93 100 -1.16666666666667
94 100 -1.16666666666667
95 100 -1.16666666666667
96 100 -1.16666666666667
97 100 -1.16666666666667
98 100 -1.16666666666667
99 100 -1.16666666666667
100 100 -1.16666666666667
1 5 -0.75
2 5 -0.75
3 5 -0.75
4 5 -0.75
5 5 -0.75
6 5 -0.75
7 5 -0.75
8 5 -0.75
9 5 -0.75
10 5 -0.75
11 5 -0.75
12 5 -0.75
13 5 -0.75
14 5 -0.75
15 5 -0.75
16 5 -0.75
17 5 -0.75
18 5 -0.75
19 5 -0.75
20 5 -0.75
21 5 -0.75
22 5 -0.75
23 5 -0.75
24 5 -0.75
25 5 -0.75
26 5 -0.75
27 5 -0.75
28 5 -0.75
29 5 -0.75
30 5 -0.75
31 5 -0.75
32 5 -0.75
33 5 -0.75
34 5 -0.75
35 5 -0.75
36 5 -0.75
37 5 -0.75
38 5 -0.75
39 5 -0.75
40 5 -0.75
41 5 -0.75
42 5 -0.75
43 5 -0.75
44 5 -0.75
45 5 -0.75
46 5 -0.75
47 5 -0.75
48 5 -0.75
49 5 -0.75
50 5 -0.75
51 5 -0.75
52 5 -0.75
53 5 -0.75
54 5 -0.75
55 5 -0.75
56 5 -0.75
57 5 -0.75
58 5 -0.75
59 5 -0.75
60 5 -0.75
61 5 -0.75
62 5 -0.75
63 5 -0.75
64 5 -0.75
65 5 -0.75
66 5 -0.75
67 5 -0.75
68 5 -0.75
69 5 -0.75
70 5 -0.75
71 5 -0.75
72 5 -0.75
73 5 -0.75
74 5 -0.75
75 5 -0.75
76 5 -0.75
77 5 -0.75
78 5 -0.75
79 5 -0.75
80 5 -0.75
81 5 -0.75
82 5 -0.75
83 5 -0.75
84 5 -0.75
85 5 -0.75
86 5 -0.75
87 5 -0.75
88 5 -0.75
89 5 -0.75
90 5 -0.75
91 5 -0.75
92 5 -0.75
93 5 -0.75
94 5 -0.75
95 5 -0.75
96 5 -0.75
97 5 -0.75
98 5 -0.75
99 5 -0.75
100 5 -0.75
1 10 -0.75
2 10 -0.75
3 10 -0.75
4 10 -0.75
5 10 -0.75
6 10 -0.75
7 10 -0.75
8 10 -0.75
9 10 -0.75
10 10 -0.75
11 10 -0.75
12 10 -0.75
13 10 -0.75
14 10 -0.75
15 10 -0.75
16 10 -0.75
17 10 -0.75
18 10 -0.75
19 10 -0.75
20 10 -0.75
21 10 -0.75
22 10 -0.75
23 10 -0.75
24 10 -0.75
25 10 -0.75
26 10 -0.75
27 10 -0.75
28 10 -0.75
29 10 -0.75
30 10 -0.75
31 10 -0.75
32 10 -0.75
33 10 -0.75
34 10 -0.75
35 10 -0.75
36 10 -0.75
37 10 -0.75
38 10 -0.75
39 10 -0.75
40 10 -0.75
41 10 -0.75
42 10 -0.75
43 10 -0.75
44 10 -0.75
45 10 -0.75
46 10 -0.75
47 10 -0.75
48 10 -0.75
49 10 -0.75
50 10 -0.75
51 10 -0.75
52 10 -0.75
53 10 -0.75
54 10 -0.75
55 10 -0.75
56 10 -0.75
57 10 -0.75
58 10 -0.75
59 10 -0.75
60 10 -0.75
61 10 -0.75
62 10 -0.75
63 10 -0.75
64 10 -0.75
65 10 -0.75
66 10 -0.75
67 10 -0.75
68 10 -0.75
69 10 -0.75
70 10 -0.75
71 10 -0.75
72 10 -0.75
73 10 -0.75
74 10 -0.75
75 10 -0.75
76 10 -0.75
77 10 -0.75
78 10 -0.75
79 10 -0.75
80 10 -0.75
81 10 -0.75
82 10 -0.75
83 10 -0.75
84 10 -0.75
85 10 -0.75
86 10 -0.75
87 10 -0.75
88 10 -0.75
89 10 -0.75
90 10 -0.75
91 10 -0.75
92 10 -0.75
93 10 -0.75
94 10 -0.75
95 10 -0.75
96 10 -0.75
97 10 -0.75
98 10 -0.75
99 10 -0.75
100 10 -0.75
1 25 -0.75
2 25 -0.75
3 25 -0.75
4 25 -0.75
5 25 -0.75
6 25 -0.75
7 25 -0.75
8 25 -0.75
9 25 -0.75
10 25 -0.75
11 25 -0.75
12 25 -0.75
13 25 -0.75
14 25 -0.75
15 25 -0.75
16 25 -0.75
17 25 -0.75
18 25 -0.75
19 25 -0.75
20 25 -0.75
21 25 -0.75
22 25 -0.75
23 25 -0.75
24 25 -0.75
25 25 -0.75
26 25 -0.75
27 25 -0.75
28 25 -0.75
29 25 -0.75
30 25 -0.75
31 25 -0.75
32 25 -0.75
33 25 -0.75
34 25 -0.75
35 25 -0.75
36 25 -0.75
37 25 -0.75
38 25 -0.75
39 25 -0.75
40 25 -0.75
41 25 -0.75
42 25 -0.75
43 25 -0.75
44 25 -0.75
45 25 -0.75
46 25 -0.75
47 25 -0.75
48 25 -0.75
49 25 -0.75
50 25 -0.75
51 25 -0.75
52 25 -0.75
53 25 -0.75
54 25 -0.75
55 25 -0.75
56 25 -0.75
57 25 -0.75
58 25 -0.75
59 25 -0.75
60 25 -0.75
61 25 -0.75
62 25 -0.75
63 25 -0.75
64 25 -0.75
65 25 -0.75
66 25 -0.75
67 25 -0.75
68 25 -0.75
69 25 -0.75
70 25 -0.75
71 25 -0.75
72 25 -0.75
73 25 -0.75
74 25 -0.75
75 25 -0.75
76 25 -0.75
77 25 -0.75
78 25 -0.75
79 25 -0.75
80 25 -0.75
81 25 -0.75
82 25 -0.75
83 25 -0.75
84 25 -0.75
85 25 -0.75
86 25 -0.75
87 25 -0.75
88 25 -0.75
89 25 -0.75
90 25 -0.75
91 25 -0.75
92 25 -0.75
93 25 -0.75
94 25 -0.75
95 25 -0.75
96 25 -0.75
97 25 -0.75
98 25 -0.75
99 25 -0.75
100 25 -0.75
1 50 -0.75
2 50 -0.75
3 50 -0.75
4 50 -0.75
5 50 -0.75
6 50 -0.75
7 50 -0.75
8 50 -0.75
9 50 -0.75
10 50 -0.75
11 50 -0.75
12 50 -0.75
13 50 -0.75
14 50 -0.75
15 50 -0.75
16 50 -0.75
17 50 -0.75
18 50 -0.75
19 50 -0.75
20 50 -0.75
21 50 -0.75
22 50 -0.75
23 50 -0.75
24 50 -0.75
25 50 -0.75
26 50 -0.75
27 50 -0.75
28 50 -0.75
29 50 -0.75
30 50 -0.75
31 50 -0.75
32 50 -0.75
33 50 -0.75
34 50 -0.75
35 50 -0.75
36 50 -0.75
37 50 -0.75
38 50 -0.75
39 50 -0.75
40 50 -0.75
41 50 -0.75
42 50 -0.75
43 50 -0.75
44 50 -0.75
45 50 -0.75
46 50 -0.75
47 50 -0.75
48 50 -0.75
49 50 -0.75
50 50 -0.75
51 50 -0.75
52 50 -0.75
53 50 -0.75
54 50 -0.75
55 50 -0.75
56 50 -0.75
57 50 -0.75
58 50 -0.75
59 50 -0.75
60 50 -0.75
61 50 -0.75
62 50 -0.75
63 50 -0.75
64 50 -0.75
65 50 -0.75
66 50 -0.75
67 50 -0.75
68 50 -0.75
69 50 -0.75
70 50 -0.75
71 50 -0.75
72 50 -0.75
73 50 -0.75
74 50 -0.75
75 50 -0.75
76 50 -0.75
77 50 -0.75
78 50 -0.75
79 50 -0.75
80 50 -0.75
81 50 -0.75
82 50 -0.75
83 50 -0.75
84 50 -0.75
85 50 -0.75
86 50 -0.75
87 50 -0.75
88 50 -0.75
89 50 -0.75
90 50 -0.75
91 50 -0.75
92 50 -0.75
93 50 -0.75
94 50 -0.75
95 50 -0.75
96 50 -0.75
97 50 -0.75
98 50 -0.75
99 50 -0.75
100 50 -0.75
1 75 -0.75
2 75 -0.75
3 75 -0.75
4 75 -0.75
5 75 -0.75
6 75 -0.75
7 75 -0.75
8 75 -0.75
9 75 -0.75
10 75 -0.75
11 75 -0.75
12 75 -0.75
13 75 -0.75
14 75 -0.75
15 75 -0.75
16 75 -0.75
17 75 -0.75
18 75 -0.75
19 75 -0.75
20 75 -0.75
21 75 -0.75
22 75 -0.75
23 75 -0.75
24 75 -0.75
25 75 -0.75
26 75 -0.75
27 75 -0.75
28 75 -0.75
29 75 -0.75
30 75 -0.75
31 75 -0.75
32 75 -0.75
33 75 -0.75
34 75 -0.75
35 75 -0.75
36 75 -0.75
37 75 -0.75
38 75 -0.75
39 75 -0.75
40 75 -0.75
41 75 -0.75
42 75 -0.75
43 75 -0.75
44 75 -0.75
45 75 -0.75
46 75 -0.75
47 75 -0.75
48 75 -0.75
49 75 -0.75
50 75 -0.75
51 75 -0.75
52 75 -0.75
53 75 -0.75
54 75 -0.75
55 75 -0.75
56 75 -0.75
57 75 -0.75
58 75 -0.75
59 75 -0.75
60 75 -0.75
61 75 -0.75
62 75 -0.75
63 75 -0.75
64 75 -0.75
65 75 -0.75
66 75 -0.75
67 75 -0.75
68 75 -0.75
69 75 -0.75
70 75 -0.75
71 75 -0.75
72 75 -0.75
73 75 -0.75
74 75 -0.75
75 75 -0.75
76 75 -0.75
77 75 -0.75
78 75 -0.75
79 75 -0.75
80 75 -0.75
81 75 -0.75
82 75 -0.75
83 75 -0.75
84 75 -0.75
85 75 -0.75
86 75 -0.75
87 75 -0.75
88 75 -0.75
89 75 -0.75
90 75 -0.75
91 75 -0.75
92 75 -0.75
93 75 -0.75
94 75 -0.75
95 75 -0.75
96 75 -0.75
97 75 -0.75
98 75 -0.75
99 75 -0.75
100 75 -0.75
1 100 -0.75
2 100 -0.75
3 100 -0.75
4 100 -0.75
5 100 -0.75
6 100 -0.75
7 100 -0.75
8 100 -0.75
9 100 -0.75
10 100 -0.75
11 100 -0.75
12 100 -0.75
13 100 -0.75
14 100 -0.75
15 100 -0.75
16 100 -0.75
17 100 -0.75
18 100 -0.75
19 100 -0.75
20 100 -0.75
21 100 -0.75
22 100 -0.75
23 100 -0.75
24 100 -0.75
25 100 -0.75
26 100 -0.75
27 100 -0.75
28 100 -0.75
29 100 -0.75
30 100 -0.75
31 100 -0.75
32 100 -0.75
33 100 -0.75
34 100 -0.75
35 100 -0.75
36 100 -0.75
37 100 -0.75
38 100 -0.75
39 100 -0.75
40 100 -0.75
41 100 -0.75
42 100 -0.75
43 100 -0.75
44 100 -0.75
45 100 -0.75
46 100 -0.75
47 100 -0.75
48 100 -0.75
49 100 -0.75
50 100 -0.75
51 100 -0.75
52 100 -0.75
53 100 -0.75
54 100 -0.75
55 100 -0.75
56 100 -0.75
57 100 -0.75
58 100 -0.75
59 100 -0.75
60 100 -0.75
61 100 -0.75
62 100 -0.75
63 100 -0.75
64 100 -0.75
65 100 -0.75
66 100 -0.75
67 100 -0.75
68 100 -0.75
69 100 -0.75
70 100 -0.75
71 100 -0.75
72 100 -0.75
73 100 -0.75
74 100 -0.75
75 100 -0.75
76 100 -0.75
77 100 -0.75
78 100 -0.75
79 100 -0.75
80 100 -0.75
81 100 -0.75
82 100 -0.75
83 100 -0.75
84 100 -0.75
85 100 -0.75
86 100 -0.75
87 100 -0.75
88 100 -0.75
89 100 -0.75
90 100 -0.75
91 100 -0.75
92 100 -0.75
93 100 -0.75
94 100 -0.75
95 100 -0.75
96 100 -0.75
97 100 -0.75
98 100 -0.75
99 100 -0.75
100 100 -0.75
1 5 -0.5
2 5 -0.5
3 5 -0.5
4 5 -0.5
5 5 -0.5
6 5 -0.5
7 5 -0.5
8 5 -0.5
9 5 -0.5
10 5 -0.5
11 5 -0.5
12 5 -0.5
13 5 -0.5
14 5 -0.5
15 5 -0.5
16 5 -0.5
17 5 -0.5
18 5 -0.5
19 5 -0.5
20 5 -0.5
21 5 -0.5
22 5 -0.5
23 5 -0.5
24 5 -0.5
25 5 -0.5
26 5 -0.5
27 5 -0.5
28 5 -0.5
29 5 -0.5
30 5 -0.5
31 5 -0.5
32 5 -0.5
33 5 -0.5
34 5 -0.5
35 5 -0.5
36 5 -0.5
37 5 -0.5
38 5 -0.5
39 5 -0.5
40 5 -0.5
41 5 -0.5
42 5 -0.5
43 5 -0.5
44 5 -0.5
45 5 -0.5
46 5 -0.5
47 5 -0.5
48 5 -0.5
49 5 -0.5
50 5 -0.5
51 5 -0.5
52 5 -0.5
53 5 -0.5
54 5 -0.5
55 5 -0.5
56 5 -0.5
57 5 -0.5
58 5 -0.5
59 5 -0.5
60 5 -0.5
61 5 -0.5
62 5 -0.5
63 5 -0.5
64 5 -0.5
65 5 -0.5
66 5 -0.5
67 5 -0.5
68 5 -0.5
69 5 -0.5
70 5 -0.5
71 5 -0.5
72 5 -0.5
73 5 -0.5
74 5 -0.5
75 5 -0.5
76 5 -0.5
77 5 -0.5
78 5 -0.5
79 5 -0.5
80 5 -0.5
81 5 -0.5
82 5 -0.5
83 5 -0.5
84 5 -0.5
85 5 -0.5
86 5 -0.5
87 5 -0.5
88 5 -0.5
89 5 -0.5
90 5 -0.5
91 5 -0.5
92 5 -0.5
93 5 -0.5
94 5 -0.5
95 5 -0.5
96 5 -0.5
97 5 -0.5
98 5 -0.5
99 5 -0.5
100 5 -0.5
1 10 -0.5
2 10 -0.5
3 10 -0.5
4 10 -0.5
5 10 -0.5
6 10 -0.5
7 10 -0.5
8 10 -0.5
9 10 -0.5
10 10 -0.5
11 10 -0.5
12 10 -0.5
13 10 -0.5
14 10 -0.5
15 10 -0.5
16 10 -0.5
17 10 -0.5
18 10 -0.5
19 10 -0.5
20 10 -0.5
21 10 -0.5
22 10 -0.5
23 10 -0.5
24 10 -0.5
25 10 -0.5
26 10 -0.5
27 10 -0.5
28 10 -0.5
29 10 -0.5
30 10 -0.5
31 10 -0.5
32 10 -0.5
33 10 -0.5
34 10 -0.5
35 10 -0.5
36 10 -0.5
37 10 -0.5
38 10 -0.5
39 10 -0.5
40 10 -0.5
41 10 -0.5
42 10 -0.5
43 10 -0.5
44 10 -0.5
45 10 -0.5
46 10 -0.5
47 10 -0.5
48 10 -0.5
49 10 -0.5
50 10 -0.5
51 10 -0.5
52 10 -0.5
53 10 -0.5
54 10 -0.5
55 10 -0.5
56 10 -0.5
57 10 -0.5
58 10 -0.5
59 10 -0.5
60 10 -0.5
61 10 -0.5
62 10 -0.5
63 10 -0.5
64 10 -0.5
65 10 -0.5
66 10 -0.5
67 10 -0.5
68 10 -0.5
69 10 -0.5
70 10 -0.5
71 10 -0.5
72 10 -0.5
73 10 -0.5
74 10 -0.5
75 10 -0.5
76 10 -0.5
77 10 -0.5
78 10 -0.5
79 10 -0.5
80 10 -0.5
81 10 -0.5
82 10 -0.5
83 10 -0.5
84 10 -0.5
85 10 -0.5
86 10 -0.5
87 10 -0.5
88 10 -0.5
89 10 -0.5
90 10 -0.5
91 10 -0.5
92 10 -0.5
93 10 -0.5
94 10 -0.5
95 10 -0.5
96 10 -0.5
97 10 -0.5
98 10 -0.5
99 10 -0.5
100 10 -0.5
1 25 -0.5
2 25 -0.5
3 25 -0.5
4 25 -0.5
5 25 -0.5
6 25 -0.5
7 25 -0.5
8 25 -0.5
9 25 -0.5
10 25 -0.5
11 25 -0.5
12 25 -0.5
13 25 -0.5
14 25 -0.5
15 25 -0.5
16 25 -0.5
17 25 -0.5
18 25 -0.5
19 25 -0.5
20 25 -0.5
21 25 -0.5
22 25 -0.5
23 25 -0.5
24 25 -0.5
25 25 -0.5
26 25 -0.5
27 25 -0.5
28 25 -0.5
29 25 -0.5
30 25 -0.5
31 25 -0.5
32 25 -0.5
33 25 -0.5
34 25 -0.5
35 25 -0.5
36 25 -0.5
37 25 -0.5
38 25 -0.5
39 25 -0.5
40 25 -0.5
41 25 -0.5
42 25 -0.5
43 25 -0.5
44 25 -0.5
45 25 -0.5
46 25 -0.5
47 25 -0.5
48 25 -0.5
49 25 -0.5
50 25 -0.5
51 25 -0.5
52 25 -0.5
53 25 -0.5
54 25 -0.5
55 25 -0.5
56 25 -0.5
57 25 -0.5
58 25 -0.5
59 25 -0.5
60 25 -0.5
61 25 -0.5
62 25 -0.5
63 25 -0.5
64 25 -0.5
65 25 -0.5
66 25 -0.5
67 25 -0.5
68 25 -0.5
69 25 -0.5
70 25 -0.5
71 25 -0.5
72 25 -0.5
73 25 -0.5
74 25 -0.5
75 25 -0.5
76 25 -0.5
77 25 -0.5
78 25 -0.5
79 25 -0.5
80 25 -0.5
81 25 -0.5
82 25 -0.5
83 25 -0.5
84 25 -0.5
85 25 -0.5
86 25 -0.5
87 25 -0.5
88 25 -0.5
89 25 -0.5
90 25 -0.5
91 25 -0.5
92 25 -0.5
93 25 -0.5
94 25 -0.5
95 25 -0.5
96 25 -0.5
97 25 -0.5
98 25 -0.5
99 25 -0.5
100 25 -0.5
1 50 -0.5
2 50 -0.5
3 50 -0.5
4 50 -0.5
5 50 -0.5
6 50 -0.5
7 50 -0.5
8 50 -0.5
9 50 -0.5
10 50 -0.5
11 50 -0.5
12 50 -0.5
13 50 -0.5
14 50 -0.5
15 50 -0.5
16 50 -0.5
17 50 -0.5
18 50 -0.5
19 50 -0.5
20 50 -0.5
21 50 -0.5
22 50 -0.5
23 50 -0.5
24 50 -0.5
25 50 -0.5
26 50 -0.5
27 50 -0.5
28 50 -0.5
29 50 -0.5
30 50 -0.5
31 50 -0.5
32 50 -0.5
33 50 -0.5
34 50 -0.5
35 50 -0.5
36 50 -0.5
37 50 -0.5
38 50 -0.5
39 50 -0.5
40 50 -0.5
41 50 -0.5
42 50 -0.5
43 50 -0.5
44 50 -0.5
45 50 -0.5
46 50 -0.5
47 50 -0.5
48 50 -0.5
49 50 -0.5
50 50 -0.5
51 50 -0.5
52 50 -0.5
53 50 -0.5
54 50 -0.5
55 50 -0.5
56 50 -0.5
57 50 -0.5
58 50 -0.5
59 50 -0.5
60 50 -0.5
61 50 -0.5
62 50 -0.5
63 50 -0.5
64 50 -0.5
65 50 -0.5
66 50 -0.5
67 50 -0.5
68 50 -0.5
69 50 -0.5
70 50 -0.5
71 50 -0.5
72 50 -0.5
73 50 -0.5
74 50 -0.5
75 50 -0.5
76 50 -0.5
77 50 -0.5
78 50 -0.5
79 50 -0.5
80 50 -0.5
81 50 -0.5
82 50 -0.5
83 50 -0.5
84 50 -0.5
85 50 -0.5
86 50 -0.5
87 50 -0.5
88 50 -0.5
89 50 -0.5
90 50 -0.5
91 50 -0.5
92 50 -0.5
93 50 -0.5
94 50 -0.5
95 50 -0.5
96 50 -0.5
97 50 -0.5
98 50 -0.5
99 50 -0.5
100 50 -0.5
1 75 -0.5
2 75 -0.5
3 75 -0.5
4 75 -0.5
5 75 -0.5
6 75 -0.5
7 75 -0.5
8 75 -0.5
9 75 -0.5
10 75 -0.5
11 75 -0.5
12 75 -0.5
13 75 -0.5
14 75 -0.5
15 75 -0.5
16 75 -0.5
17 75 -0.5
18 75 -0.5
19 75 -0.5
20 75 -0.5
21 75 -0.5
22 75 -0.5
23 75 -0.5
24 75 -0.5
25 75 -0.5
26 75 -0.5
27 75 -0.5
28 75 -0.5
29 75 -0.5
30 75 -0.5
31 75 -0.5
32 75 -0.5
33 75 -0.5
34 75 -0.5
35 75 -0.5
36 75 -0.5
37 75 -0.5
38 75 -0.5
39 75 -0.5
40 75 -0.5
41 75 -0.5
42 75 -0.5
43 75 -0.5
44 75 -0.5
45 75 -0.5
46 75 -0.5
47 75 -0.5
48 75 -0.5
49 75 -0.5
50 75 -0.5
51 75 -0.5
52 75 -0.5
53 75 -0.5
54 75 -0.5
55 75 -0.5
56 75 -0.5
57 75 -0.5
58 75 -0.5
59 75 -0.5
60 75 -0.5
61 75 -0.5
62 75 -0.5
63 75 -0.5
64 75 -0.5
65 75 -0.5
66 75 -0.5
67 75 -0.5
68 75 -0.5
69 75 -0.5
70 75 -0.5
71 75 -0.5
72 75 -0.5
73 75 -0.5
74 75 -0.5
75 75 -0.5
76 75 -0.5
77 75 -0.5
78 75 -0.5
79 75 -0.5
80 75 -0.5
81 75 -0.5
82 75 -0.5
83 75 -0.5
84 75 -0.5
85 75 -0.5
86 75 -0.5
87 75 -0.5
88 75 -0.5
89 75 -0.5
90 75 -0.5
91 75 -0.5
92 75 -0.5
93 75 -0.5
94 75 -0.5
95 75 -0.5
96 75 -0.5
97 75 -0.5
98 75 -0.5
99 75 -0.5
100 75 -0.5
1 100 -0.5
2 100 -0.5
3 100 -0.5
4 100 -0.5
5 100 -0.5
6 100 -0.5
7 100 -0.5
8 100 -0.5
9 100 -0.5
10 100 -0.5
11 100 -0.5
12 100 -0.5
13 100 -0.5
14 100 -0.5
15 100 -0.5
16 100 -0.5
17 100 -0.5
18 100 -0.5
19 100 -0.5
20 100 -0.5
21 100 -0.5
22 100 -0.5
23 100 -0.5
24 100 -0.5
25 100 -0.5
26 100 -0.5
27 100 -0.5
28 100 -0.5
29 100 -0.5
30 100 -0.5
31 100 -0.5
32 100 -0.5
33 100 -0.5
34 100 -0.5
35 100 -0.5
36 100 -0.5
37 100 -0.5
38 100 -0.5
39 100 -0.5
40 100 -0.5
41 100 -0.5
42 100 -0.5
43 100 -0.5
44 100 -0.5
45 100 -0.5
46 100 -0.5
47 100 -0.5
48 100 -0.5
49 100 -0.5
50 100 -0.5
51 100 -0.5
52 100 -0.5
53 100 -0.5
54 100 -0.5
55 100 -0.5
56 100 -0.5
57 100 -0.5
58 100 -0.5
59 100 -0.5
60 100 -0.5
61 100 -0.5
62 100 -0.5
63 100 -0.5
64 100 -0.5
65 100 -0.5
66 100 -0.5
67 100 -0.5
68 100 -0.5
69 100 -0.5
70 100 -0.5
71 100 -0.5
72 100 -0.5
73 100 -0.5
74 100 -0.5
75 100 -0.5
76 100 -0.5
77 100 -0.5
78 100 -0.5
79 100 -0.5
80 100 -0.5
81 100 -0.5
82 100 -0.5
83 100 -0.5
84 100 -0.5
85 100 -0.5
86 100 -0.5
87 100 -0.5
88 100 -0.5
89 100 -0.5
90 100 -0.5
91 100 -0.5
92 100 -0.5
93 100 -0.5
94 100 -0.5
95 100 -0.5
96 100 -0.5
97 100 -0.5
98 100 -0.5
99 100 -0.5
100 100 -0.5
1 5 -0.333333333333333
2 5 -0.333333333333333
3 5 -0.333333333333333
4 5 -0.333333333333333
5 5 -0.333333333333333
6 5 -0.333333333333333
7 5 -0.333333333333333
8 5 -0.333333333333333
9 5 -0.333333333333333
10 5 -0.333333333333333
11 5 -0.333333333333333
12 5 -0.333333333333333
13 5 -0.333333333333333
14 5 -0.333333333333333
15 5 -0.333333333333333
16 5 -0.333333333333333
17 5 -0.333333333333333
18 5 -0.333333333333333
19 5 -0.333333333333333
20 5 -0.333333333333333
21 5 -0.333333333333333
22 5 -0.333333333333333
23 5 -0.333333333333333
24 5 -0.333333333333333
25 5 -0.333333333333333
26 5 -0.333333333333333
27 5 -0.333333333333333
28 5 -0.333333333333333
29 5 -0.333333333333333
30 5 -0.333333333333333
31 5 -0.333333333333333
32 5 -0.333333333333333
33 5 -0.333333333333333
34 5 -0.333333333333333
35 5 -0.333333333333333
36 5 -0.333333333333333
37 5 -0.333333333333333
38 5 -0.333333333333333
39 5 -0.333333333333333
40 5 -0.333333333333333
41 5 -0.333333333333333
42 5 -0.333333333333333
43 5 -0.333333333333333
44 5 -0.333333333333333
45 5 -0.333333333333333
46 5 -0.333333333333333
47 5 -0.333333333333333
48 5 -0.333333333333333
49 5 -0.333333333333333
50 5 -0.333333333333333
51 5 -0.333333333333333
52 5 -0.333333333333333
53 5 -0.333333333333333
54 5 -0.333333333333333
55 5 -0.333333333333333
56 5 -0.333333333333333
57 5 -0.333333333333333
58 5 -0.333333333333333
59 5 -0.333333333333333
60 5 -0.333333333333333
61 5 -0.333333333333333
62 5 -0.333333333333333
63 5 -0.333333333333333
64 5 -0.333333333333333
65 5 -0.333333333333333
66 5 -0.333333333333333
67 5 -0.333333333333333
68 5 -0.333333333333333
69 5 -0.333333333333333
70 5 -0.333333333333333
71 5 -0.333333333333333
72 5 -0.333333333333333
73 5 -0.333333333333333
74 5 -0.333333333333333
75 5 -0.333333333333333
76 5 -0.333333333333333
77 5 -0.333333333333333
78 5 -0.333333333333333
79 5 -0.333333333333333
80 5 -0.333333333333333
81 5 -0.333333333333333
82 5 -0.333333333333333
83 5 -0.333333333333333
84 5 -0.333333333333333
85 5 -0.333333333333333
86 5 -0.333333333333333
87 5 -0.333333333333333
88 5 -0.333333333333333
89 5 -0.333333333333333
90 5 -0.333333333333333
91 5 -0.333333333333333
92 5 -0.333333333333333
93 5 -0.333333333333333
94 5 -0.333333333333333
95 5 -0.333333333333333
96 5 -0.333333333333333
97 5 -0.333333333333333
98 5 -0.333333333333333
99 5 -0.333333333333333
100 5 -0.333333333333333
1 10 -0.333333333333333
2 10 -0.333333333333333
3 10 -0.333333333333333
4 10 -0.333333333333333
5 10 -0.333333333333333
6 10 -0.333333333333333
7 10 -0.333333333333333
8 10 -0.333333333333333
9 10 -0.333333333333333
10 10 -0.333333333333333
11 10 -0.333333333333333
12 10 -0.333333333333333
13 10 -0.333333333333333
14 10 -0.333333333333333
15 10 -0.333333333333333
16 10 -0.333333333333333
17 10 -0.333333333333333
18 10 -0.333333333333333
19 10 -0.333333333333333
20 10 -0.333333333333333
21 10 -0.333333333333333
22 10 -0.333333333333333
23 10 -0.333333333333333
24 10 -0.333333333333333
25 10 -0.333333333333333
26 10 -0.333333333333333
27 10 -0.333333333333333
28 10 -0.333333333333333
29 10 -0.333333333333333
30 10 -0.333333333333333
31 10 -0.333333333333333
32 10 -0.333333333333333
33 10 -0.333333333333333
34 10 -0.333333333333333
35 10 -0.333333333333333
36 10 -0.333333333333333
37 10 -0.333333333333333
38 10 -0.333333333333333
39 10 -0.333333333333333
40 10 -0.333333333333333
41 10 -0.333333333333333
42 10 -0.333333333333333
43 10 -0.333333333333333
44 10 -0.333333333333333
45 10 -0.333333333333333
46 10 -0.333333333333333
47 10 -0.333333333333333
48 10 -0.333333333333333
49 10 -0.333333333333333
50 10 -0.333333333333333
51 10 -0.333333333333333
52 10 -0.333333333333333
53 10 -0.333333333333333
54 10 -0.333333333333333
55 10 -0.333333333333333
56 10 -0.333333333333333
57 10 -0.333333333333333
58 10 -0.333333333333333
59 10 -0.333333333333333
60 10 -0.333333333333333
61 10 -0.333333333333333
62 10 -0.333333333333333
63 10 -0.333333333333333
64 10 -0.333333333333333
65 10 -0.333333333333333
66 10 -0.333333333333333
67 10 -0.333333333333333
68 10 -0.333333333333333
69 10 -0.333333333333333
70 10 -0.333333333333333
71 10 -0.333333333333333
72 10 -0.333333333333333
73 10 -0.333333333333333
74 10 -0.333333333333333
75 10 -0.333333333333333
76 10 -0.333333333333333
77 10 -0.333333333333333
78 10 -0.333333333333333
79 10 -0.333333333333333
80 10 -0.333333333333333
81 10 -0.333333333333333
82 10 -0.333333333333333
83 10 -0.333333333333333
84 10 -0.333333333333333
85 10 -0.333333333333333
86 10 -0.333333333333333
87 10 -0.333333333333333
88 10 -0.333333333333333
89 10 -0.333333333333333
90 10 -0.333333333333333
91 10 -0.333333333333333
92 10 -0.333333333333333
93 10 -0.333333333333333
94 10 -0.333333333333333
95 10 -0.333333333333333
96 10 -0.333333333333333
97 10 -0.333333333333333
98 10 -0.333333333333333
99 10 -0.333333333333333
100 10 -0.333333333333333
1 25 -0.333333333333333
2 25 -0.333333333333333
3 25 -0.333333333333333
4 25 -0.333333333333333
5 25 -0.333333333333333
6 25 -0.333333333333333
7 25 -0.333333333333333
8 25 -0.333333333333333
9 25 -0.333333333333333
10 25 -0.333333333333333
11 25 -0.333333333333333
12 25 -0.333333333333333
13 25 -0.333333333333333
14 25 -0.333333333333333
15 25 -0.333333333333333
16 25 -0.333333333333333
17 25 -0.333333333333333
18 25 -0.333333333333333
19 25 -0.333333333333333
20 25 -0.333333333333333
21 25 -0.333333333333333
22 25 -0.333333333333333
23 25 -0.333333333333333
24 25 -0.333333333333333
25 25 -0.333333333333333
26 25 -0.333333333333333
27 25 -0.333333333333333
28 25 -0.333333333333333
29 25 -0.333333333333333
30 25 -0.333333333333333
31 25 -0.333333333333333
32 25 -0.333333333333333
33 25 -0.333333333333333
34 25 -0.333333333333333
35 25 -0.333333333333333
36 25 -0.333333333333333
37 25 -0.333333333333333
38 25 -0.333333333333333
39 25 -0.333333333333333
40 25 -0.333333333333333
41 25 -0.333333333333333
42 25 -0.333333333333333
43 25 -0.333333333333333
44 25 -0.333333333333333
45 25 -0.333333333333333
46 25 -0.333333333333333
47 25 -0.333333333333333
48 25 -0.333333333333333
49 25 -0.333333333333333
50 25 -0.333333333333333
51 25 -0.333333333333333
52 25 -0.333333333333333
53 25 -0.333333333333333
54 25 -0.333333333333333
55 25 -0.333333333333333
56 25 -0.333333333333333
57 25 -0.333333333333333
58 25 -0.333333333333333
59 25 -0.333333333333333
60 25 -0.333333333333333
61 25 -0.333333333333333
62 25 -0.333333333333333
63 25 -0.333333333333333
64 25 -0.333333333333333
65 25 -0.333333333333333
66 25 -0.333333333333333
67 25 -0.333333333333333
68 25 -0.333333333333333
69 25 -0.333333333333333
70 25 -0.333333333333333
71 25 -0.333333333333333
72 25 -0.333333333333333
73 25 -0.333333333333333
74 25 -0.333333333333333
75 25 -0.333333333333333
76 25 -0.333333333333333
77 25 -0.333333333333333
78 25 -0.333333333333333
79 25 -0.333333333333333
80 25 -0.333333333333333
81 25 -0.333333333333333
82 25 -0.333333333333333
83 25 -0.333333333333333
84 25 -0.333333333333333
85 25 -0.333333333333333
86 25 -0.333333333333333
87 25 -0.333333333333333
88 25 -0.333333333333333
89 25 -0.333333333333333
90 25 -0.333333333333333
91 25 -0.333333333333333
92 25 -0.333333333333333
93 25 -0.333333333333333
94 25 -0.333333333333333
95 25 -0.333333333333333
96 25 -0.333333333333333
97 25 -0.333333333333333
98 25 -0.333333333333333
99 25 -0.333333333333333
100 25 -0.333333333333333
1 50 -0.333333333333333
2 50 -0.333333333333333
3 50 -0.333333333333333
4 50 -0.333333333333333
5 50 -0.333333333333333
6 50 -0.333333333333333
7 50 -0.333333333333333
8 50 -0.333333333333333
9 50 -0.333333333333333
10 50 -0.333333333333333
11 50 -0.333333333333333
12 50 -0.333333333333333
13 50 -0.333333333333333
14 50 -0.333333333333333
15 50 -0.333333333333333
16 50 -0.333333333333333
17 50 -0.333333333333333
18 50 -0.333333333333333
19 50 -0.333333333333333
20 50 -0.333333333333333
21 50 -0.333333333333333
22 50 -0.333333333333333
23 50 -0.333333333333333
24 50 -0.333333333333333
25 50 -0.333333333333333
26 50 -0.333333333333333
27 50 -0.333333333333333
28 50 -0.333333333333333
29 50 -0.333333333333333
30 50 -0.333333333333333
31 50 -0.333333333333333
32 50 -0.333333333333333
33 50 -0.333333333333333
34 50 -0.333333333333333
35 50 -0.333333333333333
36 50 -0.333333333333333
37 50 -0.333333333333333
38 50 -0.333333333333333
39 50 -0.333333333333333
40 50 -0.333333333333333
41 50 -0.333333333333333
42 50 -0.333333333333333
43 50 -0.333333333333333
44 50 -0.333333333333333
45 50 -0.333333333333333
46 50 -0.333333333333333
47 50 -0.333333333333333
48 50 -0.333333333333333
49 50 -0.333333333333333
50 50 -0.333333333333333
51 50 -0.333333333333333
52 50 -0.333333333333333
53 50 -0.333333333333333
54 50 -0.333333333333333
55 50 -0.333333333333333
56 50 -0.333333333333333
57 50 -0.333333333333333
58 50 -0.333333333333333
59 50 -0.333333333333333
60 50 -0.333333333333333
61 50 -0.333333333333333
62 50 -0.333333333333333
63 50 -0.333333333333333
64 50 -0.333333333333333
65 50 -0.333333333333333
66 50 -0.333333333333333
67 50 -0.333333333333333
68 50 -0.333333333333333
69 50 -0.333333333333333
70 50 -0.333333333333333
71 50 -0.333333333333333
72 50 -0.333333333333333
73 50 -0.333333333333333
74 50 -0.333333333333333
75 50 -0.333333333333333
76 50 -0.333333333333333
77 50 -0.333333333333333
78 50 -0.333333333333333
79 50 -0.333333333333333
80 50 -0.333333333333333
81 50 -0.333333333333333
82 50 -0.333333333333333
83 50 -0.333333333333333
84 50 -0.333333333333333
85 50 -0.333333333333333
86 50 -0.333333333333333
87 50 -0.333333333333333
88 50 -0.333333333333333
89 50 -0.333333333333333
90 50 -0.333333333333333
91 50 -0.333333333333333
92 50 -0.333333333333333
93 50 -0.333333333333333
94 50 -0.333333333333333
95 50 -0.333333333333333
96 50 -0.333333333333333
97 50 -0.333333333333333
98 50 -0.333333333333333
99 50 -0.333333333333333
100 50 -0.333333333333333
1 75 -0.333333333333333
2 75 -0.333333333333333
3 75 -0.333333333333333
4 75 -0.333333333333333
5 75 -0.333333333333333
6 75 -0.333333333333333
7 75 -0.333333333333333
8 75 -0.333333333333333
9 75 -0.333333333333333
10 75 -0.333333333333333
11 75 -0.333333333333333
12 75 -0.333333333333333
13 75 -0.333333333333333
14 75 -0.333333333333333
15 75 -0.333333333333333
16 75 -0.333333333333333
17 75 -0.333333333333333
18 75 -0.333333333333333
19 75 -0.333333333333333
20 75 -0.333333333333333
21 75 -0.333333333333333
22 75 -0.333333333333333
23 75 -0.333333333333333
24 75 -0.333333333333333
25 75 -0.333333333333333
26 75 -0.333333333333333
27 75 -0.333333333333333
28 75 -0.333333333333333
29 75 -0.333333333333333
30 75 -0.333333333333333
31 75 -0.333333333333333
32 75 -0.333333333333333
33 75 -0.333333333333333
34 75 -0.333333333333333
35 75 -0.333333333333333
36 75 -0.333333333333333
37 75 -0.333333333333333
38 75 -0.333333333333333
39 75 -0.333333333333333
40 75 -0.333333333333333
41 75 -0.333333333333333
42 75 -0.333333333333333
43 75 -0.333333333333333
44 75 -0.333333333333333
45 75 -0.333333333333333
46 75 -0.333333333333333
47 75 -0.333333333333333
48 75 -0.333333333333333
49 75 -0.333333333333333
50 75 -0.333333333333333
51 75 -0.333333333333333
52 75 -0.333333333333333
53 75 -0.333333333333333
54 75 -0.333333333333333
55 75 -0.333333333333333
56 75 -0.333333333333333
57 75 -0.333333333333333
58 75 -0.333333333333333
59 75 -0.333333333333333
60 75 -0.333333333333333
61 75 -0.333333333333333
62 75 -0.333333333333333
63 75 -0.333333333333333
64 75 -0.333333333333333
65 75 -0.333333333333333
66 75 -0.333333333333333
67 75 -0.333333333333333
68 75 -0.333333333333333
69 75 -0.333333333333333
70 75 -0.333333333333333
71 75 -0.333333333333333
72 75 -0.333333333333333
73 75 -0.333333333333333
74 75 -0.333333333333333
75 75 -0.333333333333333
76 75 -0.333333333333333
77 75 -0.333333333333333
78 75 -0.333333333333333
79 75 -0.333333333333333
80 75 -0.333333333333333
81 75 -0.333333333333333
82 75 -0.333333333333333
83 75 -0.333333333333333
84 75 -0.333333333333333
85 75 -0.333333333333333
86 75 -0.333333333333333
87 75 -0.333333333333333
88 75 -0.333333333333333
89 75 -0.333333333333333
90 75 -0.333333333333333
91 75 -0.333333333333333
92 75 -0.333333333333333
93 75 -0.333333333333333
94 75 -0.333333333333333
95 75 -0.333333333333333
96 75 -0.333333333333333
97 75 -0.333333333333333
98 75 -0.333333333333333
99 75 -0.333333333333333
100 75 -0.333333333333333
1 100 -0.333333333333333
2 100 -0.333333333333333
3 100 -0.333333333333333
4 100 -0.333333333333333
5 100 -0.333333333333333
6 100 -0.333333333333333
7 100 -0.333333333333333
8 100 -0.333333333333333
9 100 -0.333333333333333
10 100 -0.333333333333333
11 100 -0.333333333333333
12 100 -0.333333333333333
13 100 -0.333333333333333
14 100 -0.333333333333333
15 100 -0.333333333333333
16 100 -0.333333333333333
17 100 -0.333333333333333
18 100 -0.333333333333333
19 100 -0.333333333333333
20 100 -0.333333333333333
21 100 -0.333333333333333
22 100 -0.333333333333333
23 100 -0.333333333333333
24 100 -0.333333333333333
25 100 -0.333333333333333
26 100 -0.333333333333333
27 100 -0.333333333333333
28 100 -0.333333333333333
29 100 -0.333333333333333
30 100 -0.333333333333333
31 100 -0.333333333333333
32 100 -0.333333333333333
33 100 -0.333333333333333
34 100 -0.333333333333333
35 100 -0.333333333333333
36 100 -0.333333333333333
37 100 -0.333333333333333
38 100 -0.333333333333333
39 100 -0.333333333333333
40 100 -0.333333333333333
41 100 -0.333333333333333
42 100 -0.333333333333333
43 100 -0.333333333333333
44 100 -0.333333333333333
45 100 -0.333333333333333
46 100 -0.333333333333333
47 100 -0.333333333333333
48 100 -0.333333333333333
49 100 -0.333333333333333
50 100 -0.333333333333333
51 100 -0.333333333333333
52 100 -0.333333333333333
53 100 -0.333333333333333
54 100 -0.333333333333333
55 100 -0.333333333333333
56 100 -0.333333333333333
57 100 -0.333333333333333
58 100 -0.333333333333333
59 100 -0.333333333333333
60 100 -0.333333333333333
61 100 -0.333333333333333
62 100 -0.333333333333333
63 100 -0.333333333333333
64 100 -0.333333333333333
65 100 -0.333333333333333
66 100 -0.333333333333333
67 100 -0.333333333333333
68 100 -0.333333333333333
69 100 -0.333333333333333
70 100 -0.333333333333333
71 100 -0.333333333333333
72 100 -0.333333333333333
73 100 -0.333333333333333
74 100 -0.333333333333333
75 100 -0.333333333333333
76 100 -0.333333333333333
77 100 -0.333333333333333
78 100 -0.333333333333333
79 100 -0.333333333333333
80 100 -0.333333333333333
81 100 -0.333333333333333
82 100 -0.333333333333333
83 100 -0.333333333333333
84 100 -0.333333333333333
85 100 -0.333333333333333
86 100 -0.333333333333333
87 100 -0.333333333333333
88 100 -0.333333333333333
89 100 -0.333333333333333
90 100 -0.333333333333333
91 100 -0.333333333333333
92 100 -0.333333333333333
93 100 -0.333333333333333
94 100 -0.333333333333333
95 100 -0.333333333333333
96 100 -0.333333333333333
97 100 -0.333333333333333
98 100 -0.333333333333333
99 100 -0.333333333333333
100 100 -0.333333333333333
1 5 -0.214285714285714
2 5 -0.214285714285714
3 5 -0.214285714285714
4 5 -0.214285714285714
5 5 -0.214285714285714
6 5 -0.214285714285714
7 5 -0.214285714285714
8 5 -0.214285714285714
9 5 -0.214285714285714
10 5 -0.214285714285714
11 5 -0.214285714285714
12 5 -0.214285714285714
13 5 -0.214285714285714
14 5 -0.214285714285714
15 5 -0.214285714285714
16 5 -0.214285714285714
17 5 -0.214285714285714
18 5 -0.214285714285714
19 5 -0.214285714285714
20 5 -0.214285714285714
21 5 -0.214285714285714
22 5 -0.214285714285714
23 5 -0.214285714285714
24 5 -0.214285714285714
25 5 -0.214285714285714
26 5 -0.214285714285714
27 5 -0.214285714285714
28 5 -0.214285714285714
29 5 -0.214285714285714
30 5 -0.214285714285714
31 5 -0.214285714285714
32 5 -0.214285714285714
33 5 -0.214285714285714
34 5 -0.214285714285714
35 5 -0.214285714285714
36 5 -0.214285714285714
37 5 -0.214285714285714
38 5 -0.214285714285714
39 5 -0.214285714285714
40 5 -0.214285714285714
41 5 -0.214285714285714
42 5 -0.214285714285714
43 5 -0.214285714285714
44 5 -0.214285714285714
45 5 -0.214285714285714
46 5 -0.214285714285714
47 5 -0.214285714285714
48 5 -0.214285714285714
49 5 -0.214285714285714
50 5 -0.214285714285714
51 5 -0.214285714285714
52 5 -0.214285714285714
53 5 -0.214285714285714
54 5 -0.214285714285714
55 5 -0.214285714285714
56 5 -0.214285714285714
57 5 -0.214285714285714
58 5 -0.214285714285714
59 5 -0.214285714285714
60 5 -0.214285714285714
61 5 -0.214285714285714
62 5 -0.214285714285714
63 5 -0.214285714285714
64 5 -0.214285714285714
65 5 -0.214285714285714
66 5 -0.214285714285714
67 5 -0.214285714285714
68 5 -0.214285714285714
69 5 -0.214285714285714
70 5 -0.214285714285714
71 5 -0.214285714285714
72 5 -0.214285714285714
73 5 -0.214285714285714
74 5 -0.214285714285714
75 5 -0.214285714285714
76 5 -0.214285714285714
77 5 -0.214285714285714
78 5 -0.214285714285714
79 5 -0.214285714285714
80 5 -0.214285714285714
81 5 -0.214285714285714
82 5 -0.214285714285714
83 5 -0.214285714285714
84 5 -0.214285714285714
85 5 -0.214285714285714
86 5 -0.214285714285714
87 5 -0.214285714285714
88 5 -0.214285714285714
89 5 -0.214285714285714
90 5 -0.214285714285714
91 5 -0.214285714285714
92 5 -0.214285714285714
93 5 -0.214285714285714
94 5 -0.214285714285714
95 5 -0.214285714285714
96 5 -0.214285714285714
97 5 -0.214285714285714
98 5 -0.214285714285714
99 5 -0.214285714285714
100 5 -0.214285714285714
1 10 -0.214285714285714
2 10 -0.214285714285714
3 10 -0.214285714285714
4 10 -0.214285714285714
5 10 -0.214285714285714
6 10 -0.214285714285714
7 10 -0.214285714285714
8 10 -0.214285714285714
9 10 -0.214285714285714
10 10 -0.214285714285714
11 10 -0.214285714285714
12 10 -0.214285714285714
13 10 -0.214285714285714
14 10 -0.214285714285714
15 10 -0.214285714285714
16 10 -0.214285714285714
17 10 -0.214285714285714
18 10 -0.214285714285714
19 10 -0.214285714285714
20 10 -0.214285714285714
21 10 -0.214285714285714
22 10 -0.214285714285714
23 10 -0.214285714285714
24 10 -0.214285714285714
25 10 -0.214285714285714
26 10 -0.214285714285714
27 10 -0.214285714285714
28 10 -0.214285714285714
29 10 -0.214285714285714
30 10 -0.214285714285714
31 10 -0.214285714285714
32 10 -0.214285714285714
33 10 -0.214285714285714
34 10 -0.214285714285714
35 10 -0.214285714285714
36 10 -0.214285714285714
37 10 -0.214285714285714
38 10 -0.214285714285714
39 10 -0.214285714285714
40 10 -0.214285714285714
41 10 -0.214285714285714
42 10 -0.214285714285714
43 10 -0.214285714285714
44 10 -0.214285714285714
45 10 -0.214285714285714
46 10 -0.214285714285714
47 10 -0.214285714285714
48 10 -0.214285714285714
49 10 -0.214285714285714
50 10 -0.214285714285714
51 10 -0.214285714285714
52 10 -0.214285714285714
53 10 -0.214285714285714
54 10 -0.214285714285714
55 10 -0.214285714285714
56 10 -0.214285714285714
57 10 -0.214285714285714
58 10 -0.214285714285714
59 10 -0.214285714285714
60 10 -0.214285714285714
61 10 -0.214285714285714
62 10 -0.214285714285714
63 10 -0.214285714285714
64 10 -0.214285714285714
65 10 -0.214285714285714
66 10 -0.214285714285714
67 10 -0.214285714285714
68 10 -0.214285714285714
69 10 -0.214285714285714
70 10 -0.214285714285714
71 10 -0.214285714285714
72 10 -0.214285714285714
73 10 -0.214285714285714
74 10 -0.214285714285714
75 10 -0.214285714285714
76 10 -0.214285714285714
77 10 -0.214285714285714
78 10 -0.214285714285714
79 10 -0.214285714285714
80 10 -0.214285714285714
81 10 -0.214285714285714
82 10 -0.214285714285714
83 10 -0.214285714285714
84 10 -0.214285714285714
85 10 -0.214285714285714
86 10 -0.214285714285714
87 10 -0.214285714285714
88 10 -0.214285714285714
89 10 -0.214285714285714
90 10 -0.214285714285714
91 10 -0.214285714285714
92 10 -0.214285714285714
93 10 -0.214285714285714
94 10 -0.214285714285714
95 10 -0.214285714285714
96 10 -0.214285714285714
97 10 -0.214285714285714
98 10 -0.214285714285714
99 10 -0.214285714285714
100 10 -0.214285714285714
1 25 -0.214285714285714
2 25 -0.214285714285714
3 25 -0.214285714285714
4 25 -0.214285714285714
5 25 -0.214285714285714
6 25 -0.214285714285714
7 25 -0.214285714285714
8 25 -0.214285714285714
9 25 -0.214285714285714
10 25 -0.214285714285714
11 25 -0.214285714285714
12 25 -0.214285714285714
13 25 -0.214285714285714
14 25 -0.214285714285714
15 25 -0.214285714285714
16 25 -0.214285714285714
17 25 -0.214285714285714
18 25 -0.214285714285714
19 25 -0.214285714285714
20 25 -0.214285714285714
21 25 -0.214285714285714
22 25 -0.214285714285714
23 25 -0.214285714285714
24 25 -0.214285714285714
25 25 -0.214285714285714
26 25 -0.214285714285714
27 25 -0.214285714285714
28 25 -0.214285714285714
29 25 -0.214285714285714
30 25 -0.214285714285714
31 25 -0.214285714285714
32 25 -0.214285714285714
33 25 -0.214285714285714
34 25 -0.214285714285714
35 25 -0.214285714285714
36 25 -0.214285714285714
37 25 -0.214285714285714
38 25 -0.214285714285714
39 25 -0.214285714285714
40 25 -0.214285714285714
41 25 -0.214285714285714
42 25 -0.214285714285714
43 25 -0.214285714285714
44 25 -0.214285714285714
45 25 -0.214285714285714
46 25 -0.214285714285714
47 25 -0.214285714285714
48 25 -0.214285714285714
49 25 -0.214285714285714
50 25 -0.214285714285714
51 25 -0.214285714285714
52 25 -0.214285714285714
53 25 -0.214285714285714
54 25 -0.214285714285714
55 25 -0.214285714285714
56 25 -0.214285714285714
57 25 -0.214285714285714
58 25 -0.214285714285714
59 25 -0.214285714285714
60 25 -0.214285714285714
61 25 -0.214285714285714
62 25 -0.214285714285714
63 25 -0.214285714285714
64 25 -0.214285714285714
65 25 -0.214285714285714
66 25 -0.214285714285714
67 25 -0.214285714285714
68 25 -0.214285714285714
69 25 -0.214285714285714
70 25 -0.214285714285714
71 25 -0.214285714285714
72 25 -0.214285714285714
73 25 -0.214285714285714
74 25 -0.214285714285714
75 25 -0.214285714285714
76 25 -0.214285714285714
77 25 -0.214285714285714
78 25 -0.214285714285714
79 25 -0.214285714285714
80 25 -0.214285714285714
81 25 -0.214285714285714
82 25 -0.214285714285714
83 25 -0.214285714285714
84 25 -0.214285714285714
85 25 -0.214285714285714
86 25 -0.214285714285714
87 25 -0.214285714285714
88 25 -0.214285714285714
89 25 -0.214285714285714
90 25 -0.214285714285714
91 25 -0.214285714285714
92 25 -0.214285714285714
93 25 -0.214285714285714
94 25 -0.214285714285714
95 25 -0.214285714285714
96 25 -0.214285714285714
97 25 -0.214285714285714
98 25 -0.214285714285714
99 25 -0.214285714285714
100 25 -0.214285714285714
1 50 -0.214285714285714
2 50 -0.214285714285714
3 50 -0.214285714285714
4 50 -0.214285714285714
5 50 -0.214285714285714
6 50 -0.214285714285714
7 50 -0.214285714285714
8 50 -0.214285714285714
9 50 -0.214285714285714
10 50 -0.214285714285714
11 50 -0.214285714285714
12 50 -0.214285714285714
13 50 -0.214285714285714
14 50 -0.214285714285714
15 50 -0.214285714285714
16 50 -0.214285714285714
17 50 -0.214285714285714
18 50 -0.214285714285714
19 50 -0.214285714285714
20 50 -0.214285714285714
21 50 -0.214285714285714
22 50 -0.214285714285714
23 50 -0.214285714285714
24 50 -0.214285714285714
25 50 -0.214285714285714
26 50 -0.214285714285714
27 50 -0.214285714285714
28 50 -0.214285714285714
29 50 -0.214285714285714
30 50 -0.214285714285714
31 50 -0.214285714285714
32 50 -0.214285714285714
33 50 -0.214285714285714
34 50 -0.214285714285714
35 50 -0.214285714285714
36 50 -0.214285714285714
37 50 -0.214285714285714
38 50 -0.214285714285714
39 50 -0.214285714285714
40 50 -0.214285714285714
41 50 -0.214285714285714
42 50 -0.214285714285714
43 50 -0.214285714285714
44 50 -0.214285714285714
45 50 -0.214285714285714
46 50 -0.214285714285714
47 50 -0.214285714285714
48 50 -0.214285714285714
49 50 -0.214285714285714
50 50 -0.214285714285714
51 50 -0.214285714285714
52 50 -0.214285714285714
53 50 -0.214285714285714
54 50 -0.214285714285714
55 50 -0.214285714285714
56 50 -0.214285714285714
57 50 -0.214285714285714
58 50 -0.214285714285714
59 50 -0.214285714285714
60 50 -0.214285714285714
61 50 -0.214285714285714
62 50 -0.214285714285714
63 50 -0.214285714285714
64 50 -0.214285714285714
65 50 -0.214285714285714
66 50 -0.214285714285714
67 50 -0.214285714285714
68 50 -0.214285714285714
69 50 -0.214285714285714
70 50 -0.214285714285714
71 50 -0.214285714285714
72 50 -0.214285714285714
73 50 -0.214285714285714
74 50 -0.214285714285714
75 50 -0.214285714285714
76 50 -0.214285714285714
77 50 -0.214285714285714
78 50 -0.214285714285714
79 50 -0.214285714285714
80 50 -0.214285714285714
81 50 -0.214285714285714
82 50 -0.214285714285714
83 50 -0.214285714285714
84 50 -0.214285714285714
85 50 -0.214285714285714
86 50 -0.214285714285714
87 50 -0.214285714285714
88 50 -0.214285714285714
89 50 -0.214285714285714
90 50 -0.214285714285714
91 50 -0.214285714285714
92 50 -0.214285714285714
93 50 -0.214285714285714
94 50 -0.214285714285714
95 50 -0.214285714285714
96 50 -0.214285714285714
97 50 -0.214285714285714
98 50 -0.214285714285714
99 50 -0.214285714285714
100 50 -0.214285714285714
1 75 -0.214285714285714
2 75 -0.214285714285714
3 75 -0.214285714285714
4 75 -0.214285714285714
5 75 -0.214285714285714
6 75 -0.214285714285714
7 75 -0.214285714285714
8 75 -0.214285714285714
9 75 -0.214285714285714
10 75 -0.214285714285714
11 75 -0.214285714285714
12 75 -0.214285714285714
13 75 -0.214285714285714
14 75 -0.214285714285714
15 75 -0.214285714285714
16 75 -0.214285714285714
17 75 -0.214285714285714
18 75 -0.214285714285714
19 75 -0.214285714285714
20 75 -0.214285714285714
21 75 -0.214285714285714
22 75 -0.214285714285714
23 75 -0.214285714285714
24 75 -0.214285714285714
25 75 -0.214285714285714
26 75 -0.214285714285714
27 75 -0.214285714285714
28 75 -0.214285714285714
29 75 -0.214285714285714
30 75 -0.214285714285714
31 75 -0.214285714285714
32 75 -0.214285714285714
33 75 -0.214285714285714
34 75 -0.214285714285714
35 75 -0.214285714285714
36 75 -0.214285714285714
37 75 -0.214285714285714
38 75 -0.214285714285714
39 75 -0.214285714285714
40 75 -0.214285714285714
41 75 -0.214285714285714
42 75 -0.214285714285714
43 75 -0.214285714285714
44 75 -0.214285714285714
45 75 -0.214285714285714
46 75 -0.214285714285714
47 75 -0.214285714285714
48 75 -0.214285714285714
49 75 -0.214285714285714
50 75 -0.214285714285714
51 75 -0.214285714285714
52 75 -0.214285714285714
53 75 -0.214285714285714
54 75 -0.214285714285714
55 75 -0.214285714285714
56 75 -0.214285714285714
57 75 -0.214285714285714
58 75 -0.214285714285714
59 75 -0.214285714285714
60 75 -0.214285714285714
61 75 -0.214285714285714
62 75 -0.214285714285714
63 75 -0.214285714285714
64 75 -0.214285714285714
65 75 -0.214285714285714
66 75 -0.214285714285714
67 75 -0.214285714285714
68 75 -0.214285714285714
69 75 -0.214285714285714
70 75 -0.214285714285714
71 75 -0.214285714285714
72 75 -0.214285714285714
73 75 -0.214285714285714
74 75 -0.214285714285714
75 75 -0.214285714285714
76 75 -0.214285714285714
77 75 -0.214285714285714
78 75 -0.214285714285714
79 75 -0.214285714285714
80 75 -0.214285714285714
81 75 -0.214285714285714
82 75 -0.214285714285714
83 75 -0.214285714285714
84 75 -0.214285714285714
85 75 -0.214285714285714
86 75 -0.214285714285714
87 75 -0.214285714285714
88 75 -0.214285714285714
89 75 -0.214285714285714
90 75 -0.214285714285714
91 75 -0.214285714285714
92 75 -0.214285714285714
93 75 -0.214285714285714
94 75 -0.214285714285714
95 75 -0.214285714285714
96 75 -0.214285714285714
97 75 -0.214285714285714
98 75 -0.214285714285714
99 75 -0.214285714285714
100 75 -0.214285714285714
1 100 -0.214285714285714
2 100 -0.214285714285714
3 100 -0.214285714285714
4 100 -0.214285714285714
5 100 -0.214285714285714
6 100 -0.214285714285714
7 100 -0.214285714285714
8 100 -0.214285714285714
9 100 -0.214285714285714
10 100 -0.214285714285714
11 100 -0.214285714285714
12 100 -0.214285714285714
13 100 -0.214285714285714
14 100 -0.214285714285714
15 100 -0.214285714285714
16 100 -0.214285714285714
17 100 -0.214285714285714
18 100 -0.214285714285714
19 100 -0.214285714285714
20 100 -0.214285714285714
21 100 -0.214285714285714
22 100 -0.214285714285714
23 100 -0.214285714285714
24 100 -0.214285714285714
25 100 -0.214285714285714
26 100 -0.214285714285714
27 100 -0.214285714285714
28 100 -0.214285714285714
29 100 -0.214285714285714
30 100 -0.214285714285714
31 100 -0.214285714285714
32 100 -0.214285714285714
33 100 -0.214285714285714
34 100 -0.214285714285714
35 100 -0.214285714285714
36 100 -0.214285714285714
37 100 -0.214285714285714
38 100 -0.214285714285714
39 100 -0.214285714285714
40 100 -0.214285714285714
41 100 -0.214285714285714
42 100 -0.214285714285714
43 100 -0.214285714285714
44 100 -0.214285714285714
45 100 -0.214285714285714
46 100 -0.214285714285714
47 100 -0.214285714285714
48 100 -0.214285714285714
49 100 -0.214285714285714
50 100 -0.214285714285714
51 100 -0.214285714285714
52 100 -0.214285714285714
53 100 -0.214285714285714
54 100 -0.214285714285714
55 100 -0.214285714285714
56 100 -0.214285714285714
57 100 -0.214285714285714
58 100 -0.214285714285714
59 100 -0.214285714285714
60 100 -0.214285714285714
61 100 -0.214285714285714
62 100 -0.214285714285714
63 100 -0.214285714285714
64 100 -0.214285714285714
65 100 -0.214285714285714
66 100 -0.214285714285714
67 100 -0.214285714285714
68 100 -0.214285714285714
69 100 -0.214285714285714
70 100 -0.214285714285714
71 100 -0.214285714285714
72 100 -0.214285714285714
73 100 -0.214285714285714
74 100 -0.214285714285714
75 100 -0.214285714285714
76 100 -0.214285714285714
77 100 -0.214285714285714
78 100 -0.214285714285714
79 100 -0.214285714285714
80 100 -0.214285714285714
81 100 -0.214285714285714
82 100 -0.214285714285714
83 100 -0.214285714285714
84 100 -0.214285714285714
85 100 -0.214285714285714
86 100 -0.214285714285714
87 100 -0.214285714285714
88 100 -0.214285714285714
89 100 -0.214285714285714
90 100 -0.214285714285714
91 100 -0.214285714285714
92 100 -0.214285714285714
93 100 -0.214285714285714
94 100 -0.214285714285714
95 100 -0.214285714285714
96 100 -0.214285714285714
97 100 -0.214285714285714
98 100 -0.214285714285714
99 100 -0.214285714285714
100 100 -0.214285714285714
1 5 -0.125
2 5 -0.125
3 5 -0.125
4 5 -0.125
5 5 -0.125
6 5 -0.125
7 5 -0.125
8 5 -0.125
9 5 -0.125
10 5 -0.125
11 5 -0.125
12 5 -0.125
13 5 -0.125
14 5 -0.125
15 5 -0.125
16 5 -0.125
17 5 -0.125
18 5 -0.125
19 5 -0.125
20 5 -0.125
21 5 -0.125
22 5 -0.125
23 5 -0.125
24 5 -0.125
25 5 -0.125
26 5 -0.125
27 5 -0.125
28 5 -0.125
29 5 -0.125
30 5 -0.125
31 5 -0.125
32 5 -0.125
33 5 -0.125
34 5 -0.125
35 5 -0.125
36 5 -0.125
37 5 -0.125
38 5 -0.125
39 5 -0.125
40 5 -0.125
41 5 -0.125
42 5 -0.125
43 5 -0.125
44 5 -0.125
45 5 -0.125
46 5 -0.125
47 5 -0.125
48 5 -0.125
49 5 -0.125
50 5 -0.125
51 5 -0.125
52 5 -0.125
53 5 -0.125
54 5 -0.125
55 5 -0.125
56 5 -0.125
57 5 -0.125
58 5 -0.125
59 5 -0.125
60 5 -0.125
61 5 -0.125
62 5 -0.125
63 5 -0.125
64 5 -0.125
65 5 -0.125
66 5 -0.125
67 5 -0.125
68 5 -0.125
69 5 -0.125
70 5 -0.125
71 5 -0.125
72 5 -0.125
73 5 -0.125
74 5 -0.125
75 5 -0.125
76 5 -0.125
77 5 -0.125
78 5 -0.125
79 5 -0.125
80 5 -0.125
81 5 -0.125
82 5 -0.125
83 5 -0.125
84 5 -0.125
85 5 -0.125
86 5 -0.125
87 5 -0.125
88 5 -0.125
89 5 -0.125
90 5 -0.125
91 5 -0.125
92 5 -0.125
93 5 -0.125
94 5 -0.125
95 5 -0.125
96 5 -0.125
97 5 -0.125
98 5 -0.125
99 5 -0.125
100 5 -0.125
1 10 -0.125
2 10 -0.125
3 10 -0.125
4 10 -0.125
5 10 -0.125
6 10 -0.125
7 10 -0.125
8 10 -0.125
9 10 -0.125
10 10 -0.125
11 10 -0.125
12 10 -0.125
13 10 -0.125
14 10 -0.125
15 10 -0.125
16 10 -0.125
17 10 -0.125
18 10 -0.125
19 10 -0.125
20 10 -0.125
21 10 -0.125
22 10 -0.125
23 10 -0.125
24 10 -0.125
25 10 -0.125
26 10 -0.125
27 10 -0.125
28 10 -0.125
29 10 -0.125
30 10 -0.125
31 10 -0.125
32 10 -0.125
33 10 -0.125
34 10 -0.125
35 10 -0.125
36 10 -0.125
37 10 -0.125
38 10 -0.125
39 10 -0.125
40 10 -0.125
41 10 -0.125
42 10 -0.125
43 10 -0.125
44 10 -0.125
45 10 -0.125
46 10 -0.125
47 10 -0.125
48 10 -0.125
49 10 -0.125
50 10 -0.125
51 10 -0.125
52 10 -0.125
53 10 -0.125
54 10 -0.125
55 10 -0.125
56 10 -0.125
57 10 -0.125
58 10 -0.125
59 10 -0.125
60 10 -0.125
61 10 -0.125
62 10 -0.125
63 10 -0.125
64 10 -0.125
65 10 -0.125
66 10 -0.125
67 10 -0.125
68 10 -0.125
69 10 -0.125
70 10 -0.125
71 10 -0.125
72 10 -0.125
73 10 -0.125
74 10 -0.125
75 10 -0.125
76 10 -0.125
77 10 -0.125
78 10 -0.125
79 10 -0.125
80 10 -0.125
81 10 -0.125
82 10 -0.125
83 10 -0.125
84 10 -0.125
85 10 -0.125
86 10 -0.125
87 10 -0.125
88 10 -0.125
89 10 -0.125
90 10 -0.125
91 10 -0.125
92 10 -0.125
93 10 -0.125
94 10 -0.125
95 10 -0.125
96 10 -0.125
97 10 -0.125
98 10 -0.125
99 10 -0.125
100 10 -0.125
1 25 -0.125
2 25 -0.125
3 25 -0.125
4 25 -0.125
5 25 -0.125
6 25 -0.125
7 25 -0.125
8 25 -0.125
9 25 -0.125
10 25 -0.125
11 25 -0.125
12 25 -0.125
13 25 -0.125
14 25 -0.125
15 25 -0.125
16 25 -0.125
17 25 -0.125
18 25 -0.125
19 25 -0.125
20 25 -0.125
21 25 -0.125
22 25 -0.125
23 25 -0.125
24 25 -0.125
25 25 -0.125
26 25 -0.125
27 25 -0.125
28 25 -0.125
29 25 -0.125
30 25 -0.125
31 25 -0.125
32 25 -0.125
33 25 -0.125
34 25 -0.125
35 25 -0.125
36 25 -0.125
37 25 -0.125
38 25 -0.125
39 25 -0.125
40 25 -0.125
41 25 -0.125
42 25 -0.125
43 25 -0.125
44 25 -0.125
45 25 -0.125
46 25 -0.125
47 25 -0.125
48 25 -0.125
49 25 -0.125
50 25 -0.125
51 25 -0.125
52 25 -0.125
53 25 -0.125
54 25 -0.125
55 25 -0.125
56 25 -0.125
57 25 -0.125
58 25 -0.125
59 25 -0.125
60 25 -0.125
61 25 -0.125
62 25 -0.125
63 25 -0.125
64 25 -0.125
65 25 -0.125
66 25 -0.125
67 25 -0.125
68 25 -0.125
69 25 -0.125
70 25 -0.125
71 25 -0.125
72 25 -0.125
73 25 -0.125
74 25 -0.125
75 25 -0.125
76 25 -0.125
77 25 -0.125
78 25 -0.125
79 25 -0.125
80 25 -0.125
81 25 -0.125
82 25 -0.125
83 25 -0.125
84 25 -0.125
85 25 -0.125
86 25 -0.125
87 25 -0.125
88 25 -0.125
89 25 -0.125
90 25 -0.125
91 25 -0.125
92 25 -0.125
93 25 -0.125
94 25 -0.125
95 25 -0.125
96 25 -0.125
97 25 -0.125
98 25 -0.125
99 25 -0.125
100 25 -0.125
1 50 -0.125
2 50 -0.125
3 50 -0.125
4 50 -0.125
5 50 -0.125
6 50 -0.125
7 50 -0.125
8 50 -0.125
9 50 -0.125
10 50 -0.125
11 50 -0.125
12 50 -0.125
13 50 -0.125
14 50 -0.125
15 50 -0.125
16 50 -0.125
17 50 -0.125
18 50 -0.125
19 50 -0.125
20 50 -0.125
21 50 -0.125
22 50 -0.125
23 50 -0.125
24 50 -0.125
25 50 -0.125
26 50 -0.125
27 50 -0.125
28 50 -0.125
29 50 -0.125
30 50 -0.125
31 50 -0.125
32 50 -0.125
33 50 -0.125
34 50 -0.125
35 50 -0.125
36 50 -0.125
37 50 -0.125
38 50 -0.125
39 50 -0.125
40 50 -0.125
41 50 -0.125
42 50 -0.125
43 50 -0.125
44 50 -0.125
45 50 -0.125
46 50 -0.125
47 50 -0.125
48 50 -0.125
49 50 -0.125
50 50 -0.125
51 50 -0.125
52 50 -0.125
53 50 -0.125
54 50 -0.125
55 50 -0.125
56 50 -0.125
57 50 -0.125
58 50 -0.125
59 50 -0.125
60 50 -0.125
61 50 -0.125
62 50 -0.125
63 50 -0.125
64 50 -0.125
65 50 -0.125
66 50 -0.125
67 50 -0.125
68 50 -0.125
69 50 -0.125
70 50 -0.125
71 50 -0.125
72 50 -0.125
73 50 -0.125
74 50 -0.125
75 50 -0.125
76 50 -0.125
77 50 -0.125
78 50 -0.125
79 50 -0.125
80 50 -0.125
81 50 -0.125
82 50 -0.125
83 50 -0.125
84 50 -0.125
85 50 -0.125
86 50 -0.125
87 50 -0.125
88 50 -0.125
89 50 -0.125
90 50 -0.125
91 50 -0.125
92 50 -0.125
93 50 -0.125
94 50 -0.125
95 50 -0.125
96 50 -0.125
97 50 -0.125
98 50 -0.125
99 50 -0.125
100 50 -0.125
1 75 -0.125
2 75 -0.125
3 75 -0.125
4 75 -0.125
5 75 -0.125
6 75 -0.125
7 75 -0.125
8 75 -0.125
9 75 -0.125
10 75 -0.125
11 75 -0.125
12 75 -0.125
13 75 -0.125
14 75 -0.125
15 75 -0.125
16 75 -0.125
17 75 -0.125
18 75 -0.125
19 75 -0.125
20 75 -0.125
21 75 -0.125
22 75 -0.125
23 75 -0.125
24 75 -0.125
25 75 -0.125
26 75 -0.125
27 75 -0.125
28 75 -0.125
29 75 -0.125
30 75 -0.125
31 75 -0.125
32 75 -0.125
33 75 -0.125
34 75 -0.125
35 75 -0.125
36 75 -0.125
37 75 -0.125
38 75 -0.125
39 75 -0.125
40 75 -0.125
41 75 -0.125
42 75 -0.125
43 75 -0.125
44 75 -0.125
45 75 -0.125
46 75 -0.125
47 75 -0.125
48 75 -0.125
49 75 -0.125
50 75 -0.125
51 75 -0.125
52 75 -0.125
53 75 -0.125
54 75 -0.125
55 75 -0.125
56 75 -0.125
57 75 -0.125
58 75 -0.125
59 75 -0.125
60 75 -0.125
61 75 -0.125
62 75 -0.125
63 75 -0.125
64 75 -0.125
65 75 -0.125
66 75 -0.125
67 75 -0.125
68 75 -0.125
69 75 -0.125
70 75 -0.125
71 75 -0.125
72 75 -0.125
73 75 -0.125
74 75 -0.125
75 75 -0.125
76 75 -0.125
77 75 -0.125
78 75 -0.125
79 75 -0.125
80 75 -0.125
81 75 -0.125
82 75 -0.125
83 75 -0.125
84 75 -0.125
85 75 -0.125
86 75 -0.125
87 75 -0.125
88 75 -0.125
89 75 -0.125
90 75 -0.125
91 75 -0.125
92 75 -0.125
93 75 -0.125
94 75 -0.125
95 75 -0.125
96 75 -0.125
97 75 -0.125
98 75 -0.125
99 75 -0.125
100 75 -0.125
1 100 -0.125
2 100 -0.125
3 100 -0.125
4 100 -0.125
5 100 -0.125
6 100 -0.125
7 100 -0.125
8 100 -0.125
9 100 -0.125
10 100 -0.125
11 100 -0.125
12 100 -0.125
13 100 -0.125
14 100 -0.125
15 100 -0.125
16 100 -0.125
17 100 -0.125
18 100 -0.125
19 100 -0.125
20 100 -0.125
21 100 -0.125
22 100 -0.125
23 100 -0.125
24 100 -0.125
25 100 -0.125
26 100 -0.125
27 100 -0.125
28 100 -0.125
29 100 -0.125
30 100 -0.125
31 100 -0.125
32 100 -0.125
33 100 -0.125
34 100 -0.125
35 100 -0.125
36 100 -0.125
37 100 -0.125
38 100 -0.125
39 100 -0.125
40 100 -0.125
41 100 -0.125
42 100 -0.125
43 100 -0.125
44 100 -0.125
45 100 -0.125
46 100 -0.125
47 100 -0.125
48 100 -0.125
49 100 -0.125
50 100 -0.125
51 100 -0.125
52 100 -0.125
53 100 -0.125
54 100 -0.125
55 100 -0.125
56 100 -0.125
57 100 -0.125
58 100 -0.125
59 100 -0.125
60 100 -0.125
61 100 -0.125
62 100 -0.125
63 100 -0.125
64 100 -0.125
65 100 -0.125
66 100 -0.125
67 100 -0.125
68 100 -0.125
69 100 -0.125
70 100 -0.125
71 100 -0.125
72 100 -0.125
73 100 -0.125
74 100 -0.125
75 100 -0.125
76 100 -0.125
77 100 -0.125
78 100 -0.125
79 100 -0.125
80 100 -0.125
81 100 -0.125
82 100 -0.125
83 100 -0.125
84 100 -0.125
85 100 -0.125
86 100 -0.125
87 100 -0.125
88 100 -0.125
89 100 -0.125
90 100 -0.125
91 100 -0.125
92 100 -0.125
93 100 -0.125
94 100 -0.125
95 100 -0.125
96 100 -0.125
97 100 -0.125
98 100 -0.125
99 100 -0.125
100 100 -0.125
1 5 -0.0555555555555556
2 5 -0.0555555555555556
3 5 -0.0555555555555556
4 5 -0.0555555555555556
5 5 -0.0555555555555556
6 5 -0.0555555555555556
7 5 -0.0555555555555556
8 5 -0.0555555555555556
9 5 -0.0555555555555556
10 5 -0.0555555555555556
11 5 -0.0555555555555556
12 5 -0.0555555555555556
13 5 -0.0555555555555556
14 5 -0.0555555555555556
15 5 -0.0555555555555556
16 5 -0.0555555555555556
17 5 -0.0555555555555556
18 5 -0.0555555555555556
19 5 -0.0555555555555556
20 5 -0.0555555555555556
21 5 -0.0555555555555556
22 5 -0.0555555555555556
23 5 -0.0555555555555556
24 5 -0.0555555555555556
25 5 -0.0555555555555556
26 5 -0.0555555555555556
27 5 -0.0555555555555556
28 5 -0.0555555555555556
29 5 -0.0555555555555556
30 5 -0.0555555555555556
31 5 -0.0555555555555556
32 5 -0.0555555555555556
33 5 -0.0555555555555556
34 5 -0.0555555555555556
35 5 -0.0555555555555556
36 5 -0.0555555555555556
37 5 -0.0555555555555556
38 5 -0.0555555555555556
39 5 -0.0555555555555556
40 5 -0.0555555555555556
41 5 -0.0555555555555556
42 5 -0.0555555555555556
43 5 -0.0555555555555556
44 5 -0.0555555555555556
45 5 -0.0555555555555556
46 5 -0.0555555555555556
47 5 -0.0555555555555556
48 5 -0.0555555555555556
49 5 -0.0555555555555556
50 5 -0.0555555555555556
51 5 -0.0555555555555556
52 5 -0.0555555555555556
53 5 -0.0555555555555556
54 5 -0.0555555555555556
55 5 -0.0555555555555556
56 5 -0.0555555555555556
57 5 -0.0555555555555556
58 5 -0.0555555555555556
59 5 -0.0555555555555556
60 5 -0.0555555555555556
61 5 -0.0555555555555556
62 5 -0.0555555555555556
63 5 -0.0555555555555556
64 5 -0.0555555555555556
65 5 -0.0555555555555556
66 5 -0.0555555555555556
67 5 -0.0555555555555556
68 5 -0.0555555555555556
69 5 -0.0555555555555556
70 5 -0.0555555555555556
71 5 -0.0555555555555556
72 5 -0.0555555555555556
73 5 -0.0555555555555556
74 5 -0.0555555555555556
75 5 -0.0555555555555556
76 5 -0.0555555555555556
77 5 -0.0555555555555556
78 5 -0.0555555555555556
79 5 -0.0555555555555556
80 5 -0.0555555555555556
81 5 -0.0555555555555556
82 5 -0.0555555555555556
83 5 -0.0555555555555556
84 5 -0.0555555555555556
85 5 -0.0555555555555556
86 5 -0.0555555555555556
87 5 -0.0555555555555556
88 5 -0.0555555555555556
89 5 -0.0555555555555556
90 5 -0.0555555555555556
91 5 -0.0555555555555556
92 5 -0.0555555555555556
93 5 -0.0555555555555556
94 5 -0.0555555555555556
95 5 -0.0555555555555556
96 5 -0.0555555555555556
97 5 -0.0555555555555556
98 5 -0.0555555555555556
99 5 -0.0555555555555556
100 5 -0.0555555555555556
1 10 -0.0555555555555556
2 10 -0.0555555555555556
3 10 -0.0555555555555556
4 10 -0.0555555555555556
5 10 -0.0555555555555556
6 10 -0.0555555555555556
7 10 -0.0555555555555556
8 10 -0.0555555555555556
9 10 -0.0555555555555556
10 10 -0.0555555555555556
11 10 -0.0555555555555556
12 10 -0.0555555555555556
13 10 -0.0555555555555556
14 10 -0.0555555555555556
15 10 -0.0555555555555556
16 10 -0.0555555555555556
17 10 -0.0555555555555556
18 10 -0.0555555555555556
19 10 -0.0555555555555556
20 10 -0.0555555555555556
21 10 -0.0555555555555556
22 10 -0.0555555555555556
23 10 -0.0555555555555556
24 10 -0.0555555555555556
25 10 -0.0555555555555556
26 10 -0.0555555555555556
27 10 -0.0555555555555556
28 10 -0.0555555555555556
29 10 -0.0555555555555556
30 10 -0.0555555555555556
31 10 -0.0555555555555556
32 10 -0.0555555555555556
33 10 -0.0555555555555556
34 10 -0.0555555555555556
35 10 -0.0555555555555556
36 10 -0.0555555555555556
37 10 -0.0555555555555556
38 10 -0.0555555555555556
39 10 -0.0555555555555556
40 10 -0.0555555555555556
41 10 -0.0555555555555556
42 10 -0.0555555555555556
43 10 -0.0555555555555556
44 10 -0.0555555555555556
45 10 -0.0555555555555556
46 10 -0.0555555555555556
47 10 -0.0555555555555556
48 10 -0.0555555555555556
49 10 -0.0555555555555556
50 10 -0.0555555555555556
51 10 -0.0555555555555556
52 10 -0.0555555555555556
53 10 -0.0555555555555556
54 10 -0.0555555555555556
55 10 -0.0555555555555556
56 10 -0.0555555555555556
57 10 -0.0555555555555556
58 10 -0.0555555555555556
59 10 -0.0555555555555556
60 10 -0.0555555555555556
61 10 -0.0555555555555556
62 10 -0.0555555555555556
63 10 -0.0555555555555556
64 10 -0.0555555555555556
65 10 -0.0555555555555556
66 10 -0.0555555555555556
67 10 -0.0555555555555556
68 10 -0.0555555555555556
69 10 -0.0555555555555556
70 10 -0.0555555555555556
71 10 -0.0555555555555556
72 10 -0.0555555555555556
73 10 -0.0555555555555556
74 10 -0.0555555555555556
75 10 -0.0555555555555556
76 10 -0.0555555555555556
77 10 -0.0555555555555556
78 10 -0.0555555555555556
79 10 -0.0555555555555556
80 10 -0.0555555555555556
81 10 -0.0555555555555556
82 10 -0.0555555555555556
83 10 -0.0555555555555556
84 10 -0.0555555555555556
85 10 -0.0555555555555556
86 10 -0.0555555555555556
87 10 -0.0555555555555556
88 10 -0.0555555555555556
89 10 -0.0555555555555556
90 10 -0.0555555555555556
91 10 -0.0555555555555556
92 10 -0.0555555555555556
93 10 -0.0555555555555556
94 10 -0.0555555555555556
95 10 -0.0555555555555556
96 10 -0.0555555555555556
97 10 -0.0555555555555556
98 10 -0.0555555555555556
99 10 -0.0555555555555556
100 10 -0.0555555555555556
1 25 -0.0555555555555556
2 25 -0.0555555555555556
3 25 -0.0555555555555556
4 25 -0.0555555555555556
5 25 -0.0555555555555556
6 25 -0.0555555555555556
7 25 -0.0555555555555556
8 25 -0.0555555555555556
9 25 -0.0555555555555556
10 25 -0.0555555555555556
11 25 -0.0555555555555556
12 25 -0.0555555555555556
13 25 -0.0555555555555556
14 25 -0.0555555555555556
15 25 -0.0555555555555556
16 25 -0.0555555555555556
17 25 -0.0555555555555556
18 25 -0.0555555555555556
19 25 -0.0555555555555556
20 25 -0.0555555555555556
21 25 -0.0555555555555556
22 25 -0.0555555555555556
23 25 -0.0555555555555556
24 25 -0.0555555555555556
25 25 -0.0555555555555556
26 25 -0.0555555555555556
27 25 -0.0555555555555556
28 25 -0.0555555555555556
29 25 -0.0555555555555556
30 25 -0.0555555555555556
31 25 -0.0555555555555556
32 25 -0.0555555555555556
33 25 -0.0555555555555556
34 25 -0.0555555555555556
35 25 -0.0555555555555556
36 25 -0.0555555555555556
37 25 -0.0555555555555556
38 25 -0.0555555555555556
39 25 -0.0555555555555556
40 25 -0.0555555555555556
41 25 -0.0555555555555556
42 25 -0.0555555555555556
43 25 -0.0555555555555556
44 25 -0.0555555555555556
45 25 -0.0555555555555556
46 25 -0.0555555555555556
47 25 -0.0555555555555556
48 25 -0.0555555555555556
49 25 -0.0555555555555556
50 25 -0.0555555555555556
51 25 -0.0555555555555556
52 25 -0.0555555555555556
53 25 -0.0555555555555556
54 25 -0.0555555555555556
55 25 -0.0555555555555556
56 25 -0.0555555555555556
57 25 -0.0555555555555556
58 25 -0.0555555555555556
59 25 -0.0555555555555556
60 25 -0.0555555555555556
61 25 -0.0555555555555556
62 25 -0.0555555555555556
63 25 -0.0555555555555556
64 25 -0.0555555555555556
65 25 -0.0555555555555556
66 25 -0.0555555555555556
67 25 -0.0555555555555556
68 25 -0.0555555555555556
69 25 -0.0555555555555556
70 25 -0.0555555555555556
71 25 -0.0555555555555556
72 25 -0.0555555555555556
73 25 -0.0555555555555556
74 25 -0.0555555555555556
75 25 -0.0555555555555556
76 25 -0.0555555555555556
77 25 -0.0555555555555556
78 25 -0.0555555555555556
79 25 -0.0555555555555556
80 25 -0.0555555555555556
81 25 -0.0555555555555556
82 25 -0.0555555555555556
83 25 -0.0555555555555556
84 25 -0.0555555555555556
85 25 -0.0555555555555556
86 25 -0.0555555555555556
87 25 -0.0555555555555556
88 25 -0.0555555555555556
89 25 -0.0555555555555556
90 25 -0.0555555555555556
91 25 -0.0555555555555556
92 25 -0.0555555555555556
93 25 -0.0555555555555556
94 25 -0.0555555555555556
95 25 -0.0555555555555556
96 25 -0.0555555555555556
97 25 -0.0555555555555556
98 25 -0.0555555555555556
99 25 -0.0555555555555556
100 25 -0.0555555555555556
1 50 -0.0555555555555556
2 50 -0.0555555555555556
3 50 -0.0555555555555556
4 50 -0.0555555555555556
5 50 -0.0555555555555556
6 50 -0.0555555555555556
7 50 -0.0555555555555556
8 50 -0.0555555555555556
9 50 -0.0555555555555556
10 50 -0.0555555555555556
11 50 -0.0555555555555556
12 50 -0.0555555555555556
13 50 -0.0555555555555556
14 50 -0.0555555555555556
15 50 -0.0555555555555556
16 50 -0.0555555555555556
17 50 -0.0555555555555556
18 50 -0.0555555555555556
19 50 -0.0555555555555556
20 50 -0.0555555555555556
21 50 -0.0555555555555556
22 50 -0.0555555555555556
23 50 -0.0555555555555556
24 50 -0.0555555555555556
25 50 -0.0555555555555556
26 50 -0.0555555555555556
27 50 -0.0555555555555556
28 50 -0.0555555555555556
29 50 -0.0555555555555556
30 50 -0.0555555555555556
31 50 -0.0555555555555556
32 50 -0.0555555555555556
33 50 -0.0555555555555556
34 50 -0.0555555555555556
35 50 -0.0555555555555556
36 50 -0.0555555555555556
37 50 -0.0555555555555556
38 50 -0.0555555555555556
39 50 -0.0555555555555556
40 50 -0.0555555555555556
41 50 -0.0555555555555556
42 50 -0.0555555555555556
43 50 -0.0555555555555556
44 50 -0.0555555555555556
45 50 -0.0555555555555556
46 50 -0.0555555555555556
47 50 -0.0555555555555556
48 50 -0.0555555555555556
49 50 -0.0555555555555556
50 50 -0.0555555555555556
51 50 -0.0555555555555556
52 50 -0.0555555555555556
53 50 -0.0555555555555556
54 50 -0.0555555555555556
55 50 -0.0555555555555556
56 50 -0.0555555555555556
57 50 -0.0555555555555556
58 50 -0.0555555555555556
59 50 -0.0555555555555556
60 50 -0.0555555555555556
61 50 -0.0555555555555556
62 50 -0.0555555555555556
63 50 -0.0555555555555556
64 50 -0.0555555555555556
65 50 -0.0555555555555556
66 50 -0.0555555555555556
67 50 -0.0555555555555556
68 50 -0.0555555555555556
69 50 -0.0555555555555556
70 50 -0.0555555555555556
71 50 -0.0555555555555556
72 50 -0.0555555555555556
73 50 -0.0555555555555556
74 50 -0.0555555555555556
75 50 -0.0555555555555556
76 50 -0.0555555555555556
77 50 -0.0555555555555556
78 50 -0.0555555555555556
79 50 -0.0555555555555556
80 50 -0.0555555555555556
81 50 -0.0555555555555556
82 50 -0.0555555555555556
83 50 -0.0555555555555556
84 50 -0.0555555555555556
85 50 -0.0555555555555556
86 50 -0.0555555555555556
87 50 -0.0555555555555556
88 50 -0.0555555555555556
89 50 -0.0555555555555556
90 50 -0.0555555555555556
91 50 -0.0555555555555556
92 50 -0.0555555555555556
93 50 -0.0555555555555556
94 50 -0.0555555555555556
95 50 -0.0555555555555556
96 50 -0.0555555555555556
97 50 -0.0555555555555556
98 50 -0.0555555555555556
99 50 -0.0555555555555556
100 50 -0.0555555555555556
1 75 -0.0555555555555556
2 75 -0.0555555555555556
3 75 -0.0555555555555556
4 75 -0.0555555555555556
5 75 -0.0555555555555556
6 75 -0.0555555555555556
7 75 -0.0555555555555556
8 75 -0.0555555555555556
9 75 -0.0555555555555556
10 75 -0.0555555555555556
11 75 -0.0555555555555556
12 75 -0.0555555555555556
13 75 -0.0555555555555556
14 75 -0.0555555555555556
15 75 -0.0555555555555556
16 75 -0.0555555555555556
17 75 -0.0555555555555556
18 75 -0.0555555555555556
19 75 -0.0555555555555556
20 75 -0.0555555555555556
21 75 -0.0555555555555556
22 75 -0.0555555555555556
23 75 -0.0555555555555556
24 75 -0.0555555555555556
25 75 -0.0555555555555556
26 75 -0.0555555555555556
27 75 -0.0555555555555556
28 75 -0.0555555555555556
29 75 -0.0555555555555556
30 75 -0.0555555555555556
31 75 -0.0555555555555556
32 75 -0.0555555555555556
33 75 -0.0555555555555556
34 75 -0.0555555555555556
35 75 -0.0555555555555556
36 75 -0.0555555555555556
37 75 -0.0555555555555556
38 75 -0.0555555555555556
39 75 -0.0555555555555556
40 75 -0.0555555555555556
41 75 -0.0555555555555556
42 75 -0.0555555555555556
43 75 -0.0555555555555556
44 75 -0.0555555555555556
45 75 -0.0555555555555556
46 75 -0.0555555555555556
47 75 -0.0555555555555556
48 75 -0.0555555555555556
49 75 -0.0555555555555556
50 75 -0.0555555555555556
51 75 -0.0555555555555556
52 75 -0.0555555555555556
53 75 -0.0555555555555556
54 75 -0.0555555555555556
55 75 -0.0555555555555556
56 75 -0.0555555555555556
57 75 -0.0555555555555556
58 75 -0.0555555555555556
59 75 -0.0555555555555556
60 75 -0.0555555555555556
61 75 -0.0555555555555556
62 75 -0.0555555555555556
63 75 -0.0555555555555556
64 75 -0.0555555555555556
65 75 -0.0555555555555556
66 75 -0.0555555555555556
67 75 -0.0555555555555556
68 75 -0.0555555555555556
69 75 -0.0555555555555556
70 75 -0.0555555555555556
71 75 -0.0555555555555556
72 75 -0.0555555555555556
73 75 -0.0555555555555556
74 75 -0.0555555555555556
75 75 -0.0555555555555556
76 75 -0.0555555555555556
77 75 -0.0555555555555556
78 75 -0.0555555555555556
79 75 -0.0555555555555556
80 75 -0.0555555555555556
81 75 -0.0555555555555556
82 75 -0.0555555555555556
83 75 -0.0555555555555556
84 75 -0.0555555555555556
85 75 -0.0555555555555556
86 75 -0.0555555555555556
87 75 -0.0555555555555556
88 75 -0.0555555555555556
89 75 -0.0555555555555556
90 75 -0.0555555555555556
91 75 -0.0555555555555556
92 75 -0.0555555555555556
93 75 -0.0555555555555556
94 75 -0.0555555555555556
95 75 -0.0555555555555556
96 75 -0.0555555555555556
97 75 -0.0555555555555556
98 75 -0.0555555555555556
99 75 -0.0555555555555556
100 75 -0.0555555555555556
1 100 -0.0555555555555556
2 100 -0.0555555555555556
3 100 -0.0555555555555556
4 100 -0.0555555555555556
5 100 -0.0555555555555556
6 100 -0.0555555555555556
7 100 -0.0555555555555556
8 100 -0.0555555555555556
9 100 -0.0555555555555556
10 100 -0.0555555555555556
11 100 -0.0555555555555556
12 100 -0.0555555555555556
13 100 -0.0555555555555556
14 100 -0.0555555555555556
15 100 -0.0555555555555556
16 100 -0.0555555555555556
17 100 -0.0555555555555556
18 100 -0.0555555555555556
19 100 -0.0555555555555556
20 100 -0.0555555555555556
21 100 -0.0555555555555556
22 100 -0.0555555555555556
23 100 -0.0555555555555556
24 100 -0.0555555555555556
25 100 -0.0555555555555556
26 100 -0.0555555555555556
27 100 -0.0555555555555556
28 100 -0.0555555555555556
29 100 -0.0555555555555556
30 100 -0.0555555555555556
31 100 -0.0555555555555556
32 100 -0.0555555555555556
33 100 -0.0555555555555556
34 100 -0.0555555555555556
35 100 -0.0555555555555556
36 100 -0.0555555555555556
37 100 -0.0555555555555556
38 100 -0.0555555555555556
39 100 -0.0555555555555556
40 100 -0.0555555555555556
41 100 -0.0555555555555556
42 100 -0.0555555555555556
43 100 -0.0555555555555556
44 100 -0.0555555555555556
45 100 -0.0555555555555556
46 100 -0.0555555555555556
47 100 -0.0555555555555556
48 100 -0.0555555555555556
49 100 -0.0555555555555556
50 100 -0.0555555555555556
51 100 -0.0555555555555556
52 100 -0.0555555555555556
53 100 -0.0555555555555556
54 100 -0.0555555555555556
55 100 -0.0555555555555556
56 100 -0.0555555555555556
57 100 -0.0555555555555556
58 100 -0.0555555555555556
59 100 -0.0555555555555556
60 100 -0.0555555555555556
61 100 -0.0555555555555556
62 100 -0.0555555555555556
63 100 -0.0555555555555556
64 100 -0.0555555555555556
65 100 -0.0555555555555556
66 100 -0.0555555555555556
67 100 -0.0555555555555556
68 100 -0.0555555555555556
69 100 -0.0555555555555556
70 100 -0.0555555555555556
71 100 -0.0555555555555556
72 100 -0.0555555555555556
73 100 -0.0555555555555556
74 100 -0.0555555555555556
75 100 -0.0555555555555556
76 100 -0.0555555555555556
77 100 -0.0555555555555556
78 100 -0.0555555555555556
79 100 -0.0555555555555556
80 100 -0.0555555555555556
81 100 -0.0555555555555556
82 100 -0.0555555555555556
83 100 -0.0555555555555556
84 100 -0.0555555555555556
85 100 -0.0555555555555556
86 100 -0.0555555555555556
87 100 -0.0555555555555556
88 100 -0.0555555555555556
89 100 -0.0555555555555556
90 100 -0.0555555555555556
91 100 -0.0555555555555556
92 100 -0.0555555555555556
93 100 -0.0555555555555556
94 100 -0.0555555555555556
95 100 -0.0555555555555556
96 100 -0.0555555555555556
97 100 -0.0555555555555556
98 100 -0.0555555555555556
99 100 -0.0555555555555556
100 100 -0.0555555555555556
