5 -10
10 -10
25 -10
50 -10
75 -10
100 -10
5 -4.5
10 -4.5
25 -4.5
50 -4.5
75 -4.5
100 -4.5
5 -2
10 -2
25 -2
50 -2
75 -2
100 -2
5 -1.16666666666667
10 -1.16666666666667
25 -1.16666666666667
50 -1.16666666666667
75 -1.16666666666667
100 -1.16666666666667
5 -0.75
10 -0.75
25 -0.75
50 -0.75
75 -0.75
100 -0.75
5 -0.5
10 -0.5
25 -0.5
50 -0.5
75 -0.5
100 -0.5
5 -0.333333333333333
10 -0.333333333333333
25 -0.333333333333333
50 -0.333333333333333
75 -0.333333333333333
100 -0.333333333333333
5 -0.214285714285714
10 -0.214285714285714
25 -0.214285714285714
50 -0.214285714285714
75 -0.214285714285714
100 -0.214285714285714
5 -0.125
10 -0.125
25 -0.125
50 -0.125
75 -0.125
100 -0.125
5 -0.0555555555555556
10 -0.0555555555555556
25 -0.0555555555555556
50 -0.0555555555555556
75 -0.0555555555555556
100 -0.0555555555555556
